1 0 0 -21.79 0.02875 -7.285e-06
1 0 1 -21.79 0.02875 -7.285e-06
1 0 2 -21.79 0.02875 -7.285e-06
1 0 3 -21.79 0.02875 -7.285e-06
1 0 4 -21.79 0.02875 -7.285e-06
1 0 5 -21.79 0.02875 -7.285e-06
1 0 6 -21.79 0.02875 -7.285e-06
1 0 7 -21.79 0.02875 -7.285e-06
1 0 8 -21.79 0.02875 -7.285e-06
1 0 9 -21.79 0.02875 -7.285e-06
1 0 10 -21.79 0.02875 -7.285e-06
1 0 11 -21.79 0.02875 -7.285e-06
1 0 12 -21.79 0.02875 -7.285e-06
1 0 13 -21.79 0.02875 -7.285e-06
1 0 14 -21.79 0.02875 -7.285e-06
1 0 15 -21.79 0.02875 -7.285e-06
1 0 16 -21.79 0.02875 -7.285e-06
1 1 0 -21.79 0.02875 -7.285e-06
1 1 1 -21.79 0.02875 -7.285e-06
1 1 2 -21.79 0.02875 -7.285e-06
1 1 3 -21.79 0.02875 -7.285e-06
1 1 4 -21.79 0.02875 -7.285e-06
1 1 5 -21.79 0.02875 -7.285e-06
1 1 6 -21.79 0.02875 -7.285e-06
1 1 7 -21.79 0.02875 -7.285e-06
1 1 8 -21.79 0.02875 -7.285e-06
1 1 9 -21.79 0.02875 -7.285e-06
1 1 10 -21.79 0.02875 -7.285e-06
1 1 11 -21.79 0.02875 -7.285e-06
1 1 12 -21.79 0.02875 -7.285e-06
1 1 13 -21.79 0.02875 -7.285e-06
1 1 14 -21.79 0.02875 -7.285e-06
1 1 15 -21.79 0.02875 -7.285e-06
1 1 16 -21.79 0.02875 -7.285e-06
1 2 0 -21.79 0.02875 -7.285e-06
1 2 1 -21.79 0.02875 -7.285e-06
1 2 2 -21.79 0.02875 -7.285e-06
1 2 3 -21.79 0.02875 -7.285e-06
1 2 4 -21.79 0.02875 -7.285e-06
1 2 5 -21.79 0.02875 -7.285e-06
1 2 6 -21.79 0.02875 -7.285e-06
1 2 7 -21.79 0.02875 -7.285e-06
1 2 8 -21.79 0.02875 -7.285e-06
1 2 9 -21.79 0.02875 -7.285e-06
1 2 10 -21.79 0.02875 -7.285e-06
1 2 11 -21.79 0.02875 -7.285e-06
1 2 12 -21.79 0.02875 -7.285e-06
1 2 13 -21.79 0.02875 -7.285e-06
1 2 14 -21.79 0.02875 -7.285e-06
1 2 15 -21.79 0.02875 -7.285e-06
1 2 16 -21.79 0.02875 -7.285e-06
1 3 0 -21.79 0.02875 -7.285e-06
1 3 1 -21.79 0.02875 -7.285e-06
1 3 2 -21.79 0.02875 -7.285e-06
1 3 3 -21.79 0.02875 -7.285e-06
1 3 4 -21.79 0.02875 -7.285e-06
1 3 5 -21.79 0.02875 -7.285e-06
1 3 6 -21.79 0.02875 -7.285e-06
1 3 7 -21.79 0.02875 -7.285e-06
1 3 8 -21.79 0.02875 -7.285e-06
1 3 9 -21.79 0.02875 -7.285e-06
1 3 10 -21.79 0.02875 -7.285e-06
1 3 11 -21.79 0.02875 -7.285e-06
1 3 12 -21.79 0.02875 -7.285e-06
1 3 13 -21.79 0.02875 -7.285e-06
1 3 14 -21.79 0.02875 -7.285e-06
1 3 15 -21.79 0.02875 -7.285e-06
1 3 16 -21.79 0.02875 -7.285e-06
1 4 0 -21.79 0.02875 -7.285e-06
1 4 1 -21.79 0.02875 -7.285e-06
1 4 2 -21.79 0.02875 -7.285e-06
1 4 3 -21.79 0.02875 -7.285e-06
1 4 4 -21.79 0.02875 -7.285e-06
1 4 5 -21.79 0.02875 -7.285e-06
1 4 6 -21.79 0.02875 -7.285e-06
1 4 7 -21.79 0.02875 -7.285e-06
1 4 8 -21.79 0.02875 -7.285e-06
1 4 9 -21.79 0.02875 -7.285e-06
1 4 10 -21.79 0.02875 -7.285e-06
1 4 11 -21.79 0.02875 -7.285e-06
1 4 12 -21.79 0.02875 -7.285e-06
1 4 13 -21.79 0.02875 -7.285e-06
1 4 14 -21.79 0.02875 -7.285e-06
1 4 15 -21.79 0.02875 -7.285e-06
1 4 16 -21.79 0.02875 -7.285e-06
1 5 0 -21.79 0.02875 -7.285e-06
1 5 1 -21.79 0.02875 -7.285e-06
1 5 2 -21.79 0.02875 -7.285e-06
1 5 3 -21.79 0.02875 -7.285e-06
1 5 4 -21.79 0.02875 -7.285e-06
1 5 5 -21.79 0.02875 -7.285e-06
1 5 6 -21.79 0.02875 -7.285e-06
1 5 7 -21.79 0.02875 -7.285e-06
1 5 8 -21.79 0.02875 -7.285e-06
1 5 9 -21.79 0.02875 -7.285e-06
1 5 10 -21.79 0.02875 -7.285e-06
1 5 11 -21.79 0.02875 -7.285e-06
1 5 12 -21.79 0.02875 -7.285e-06
1 5 13 -21.79 0.02875 -7.285e-06
1 5 14 -21.79 0.02875 -7.285e-06
1 5 15 -21.79 0.02875 -7.285e-06
1 5 16 -21.79 0.02875 -7.285e-06
1 6 0 -21.79 0.02875 -7.285e-06
1 6 1 -21.79 0.02875 -7.285e-06
1 6 2 -21.79 0.02875 -7.285e-06
1 6 3 -21.79 0.02875 -7.285e-06
1 6 4 -21.79 0.02875 -7.285e-06
1 6 5 -21.79 0.02875 -7.285e-06
1 6 6 -21.79 0.02875 -7.285e-06
1 6 7 -21.79 0.02875 -7.285e-06
1 6 8 -21.79 0.02875 -7.285e-06
1 6 9 -21.79 0.02875 -7.285e-06
1 6 10 -21.79 0.02875 -7.285e-06
1 6 11 -21.79 0.02875 -7.285e-06
1 6 12 -21.79 0.02875 -7.285e-06
1 6 13 -21.79 0.02875 -7.285e-06
1 6 14 -21.79 0.02875 -7.285e-06
1 6 15 -21.79 0.02875 -7.285e-06
1 6 16 -21.79 0.02875 -7.285e-06
1 7 0 -21.79 0.02875 -7.285e-06
1 7 1 -21.79 0.02875 -7.285e-06
1 7 2 -21.79 0.02875 -7.285e-06
1 7 3 -21.79 0.02875 -7.285e-06
1 7 4 -21.79 0.02875 -7.285e-06
1 7 5 -21.79 0.02875 -7.285e-06
1 7 6 -21.79 0.02875 -7.285e-06
1 7 7 -21.79 0.02875 -7.285e-06
1 7 8 -21.79 0.02875 -7.285e-06
1 7 9 -21.79 0.02875 -7.285e-06
1 7 10 -21.79 0.02875 -7.285e-06
1 7 11 -21.79 0.02875 -7.285e-06
1 7 12 -21.79 0.02875 -7.285e-06
1 7 13 -21.79 0.02875 -7.285e-06
1 7 14 -21.79 0.02875 -7.285e-06
1 7 15 -21.79 0.02875 -7.285e-06
1 7 16 -21.79 0.02875 -7.285e-06
1 8 0 -21.79 0.02875 -7.285e-06
1 8 1 -21.79 0.02875 -7.285e-06
1 8 2 -21.79 0.02875 -7.285e-06
1 8 3 -21.79 0.02875 -7.285e-06
1 8 4 -21.79 0.02875 -7.285e-06
1 8 5 -21.79 0.02875 -7.285e-06
1 8 6 -21.79 0.02875 -7.285e-06
1 8 7 -21.79 0.02875 -7.285e-06
1 8 8 -21.79 0.02875 -7.285e-06
1 8 9 -21.79 0.02875 -7.285e-06
1 8 10 -21.79 0.02875 -7.285e-06
1 8 11 -21.79 0.02875 -7.285e-06
1 8 12 -21.79 0.02875 -7.285e-06
1 8 13 -21.79 0.02875 -7.285e-06
1 8 14 -21.79 0.02875 -7.285e-06
1 8 15 -21.79 0.02875 -7.285e-06
1 8 16 -21.79 0.02875 -7.285e-06
1 9 0 -21.79 0.02875 -7.285e-06
1 9 1 -21.79 0.02875 -7.285e-06
1 9 2 -21.79 0.02875 -7.285e-06
1 9 3 -21.79 0.02875 -7.285e-06
1 9 4 -21.79 0.02875 -7.285e-06
1 9 5 -21.79 0.02875 -7.285e-06
1 9 6 -21.79 0.02875 -7.285e-06
1 9 7 -21.79 0.02875 -7.285e-06
1 9 8 -21.79 0.02875 -7.285e-06
1 9 9 -21.79 0.02875 -7.285e-06
1 9 10 -21.79 0.02875 -7.285e-06
1 9 11 -21.79 0.02875 -7.285e-06
1 9 12 -21.79 0.02875 -7.285e-06
1 9 13 -21.79 0.02875 -7.285e-06
1 9 14 -21.79 0.02875 -7.285e-06
1 9 15 -21.79 0.02875 -7.285e-06
1 9 16 -21.79 0.02875 -7.285e-06
1 10 0 -21.79 0.02875 -7.285e-06
1 10 1 -21.79 0.02875 -7.285e-06
1 10 2 -21.79 0.02875 -7.285e-06
1 10 3 -21.79 0.02875 -7.285e-06
1 10 4 -21.79 0.02875 -7.285e-06
1 10 5 -21.79 0.02875 -7.285e-06
1 10 6 -21.79 0.02875 -7.285e-06
1 10 7 -21.79 0.02875 -7.285e-06
1 10 8 -21.79 0.02875 -7.285e-06
1 10 9 -21.79 0.02875 -7.285e-06
1 10 10 -21.79 0.02875 -7.285e-06
1 10 11 -21.79 0.02875 -7.285e-06
1 10 12 -21.79 0.02875 -7.285e-06
1 10 13 -21.79 0.02875 -7.285e-06
1 10 14 -21.79 0.02875 -7.285e-06
1 10 15 -21.79 0.02875 -7.285e-06
1 10 16 -21.79 0.02875 -7.285e-06
1 11 0 -21.79 0.02875 -7.285e-06
1 11 1 -21.79 0.02875 -7.285e-06
1 11 2 -21.79 0.02875 -7.285e-06
1 11 3 -21.79 0.02875 -7.285e-06
1 11 4 -21.79 0.02875 -7.285e-06
1 11 5 -21.79 0.02875 -7.285e-06
1 11 6 -21.79 0.02875 -7.285e-06
1 11 7 -21.79 0.02875 -7.285e-06
1 11 8 -21.79 0.02875 -7.285e-06
1 11 9 -21.79 0.02875 -7.285e-06
1 11 10 -21.79 0.02875 -7.285e-06
1 11 11 -21.79 0.02875 -7.285e-06
1 11 12 -21.79 0.02875 -7.285e-06
1 11 13 -21.79 0.02875 -7.285e-06
1 11 14 -21.79 0.02875 -7.285e-06
1 11 15 -21.79 0.02875 -7.285e-06
1 11 16 -21.79 0.02875 -7.285e-06
1 12 0 -21.79 0.02875 -7.285e-06
1 12 1 -21.79 0.02875 -7.285e-06
1 12 2 -21.79 0.02875 -7.285e-06
1 12 3 -21.79 0.02875 -7.285e-06
1 12 4 -21.79 0.02875 -7.285e-06
1 12 5 -21.79 0.02875 -7.285e-06
1 12 6 -21.79 0.02875 -7.285e-06
1 12 7 -21.79 0.02875 -7.285e-06
1 12 8 -21.79 0.02875 -7.285e-06
1 12 9 -21.79 0.02875 -7.285e-06
1 12 10 -21.79 0.02875 -7.285e-06
1 12 11 -21.79 0.02875 -7.285e-06
1 12 12 -21.79 0.02875 -7.285e-06
1 12 13 -21.79 0.02875 -7.285e-06
1 12 14 -21.79 0.02875 -7.285e-06
1 12 15 -21.79 0.02875 -7.285e-06
1 12 16 -21.79 0.02875 -7.285e-06
1 13 0 -21.79 0.02875 -7.285e-06
1 13 1 -21.79 0.02875 -7.285e-06
1 13 2 -21.79 0.02875 -7.285e-06
1 13 3 -21.79 0.02875 -7.285e-06
1 13 4 -21.79 0.02875 -7.285e-06
1 13 5 -21.79 0.02875 -7.285e-06
1 13 6 -21.79 0.02875 -7.285e-06
1 13 7 -21.79 0.02875 -7.285e-06
1 13 8 -21.79 0.02875 -7.285e-06
1 13 9 -21.79 0.02875 -7.285e-06
1 13 10 -21.79 0.02875 -7.285e-06
1 13 11 -21.79 0.02875 -7.285e-06
1 13 12 -21.79 0.02875 -7.285e-06
1 13 13 -21.79 0.02875 -7.285e-06
1 13 14 -21.79 0.02875 -7.285e-06
1 13 15 -21.79 0.02875 -7.285e-06
1 13 16 -21.79 0.02875 -7.285e-06
1 14 0 -21.79 0.02875 -7.285e-06
1 14 1 -21.79 0.02875 -7.285e-06
1 14 2 -21.79 0.02875 -7.285e-06
1 14 3 -21.79 0.02875 -7.285e-06
1 14 4 -21.79 0.02875 -7.285e-06
1 14 5 -21.79 0.02875 -7.285e-06
1 14 6 -21.79 0.02875 -7.285e-06
1 14 7 -21.79 0.02875 -7.285e-06
1 14 8 -21.79 0.02875 -7.285e-06
1 14 9 -21.79 0.02875 -7.285e-06
1 14 10 -21.79 0.02875 -7.285e-06
1 14 11 -21.79 0.02875 -7.285e-06
1 14 12 -21.79 0.02875 -7.285e-06
1 14 13 -21.79 0.02875 -7.285e-06
1 14 14 -21.79 0.02875 -7.285e-06
1 14 15 -21.79 0.02875 -7.285e-06
1 14 16 -21.79 0.02875 -7.285e-06
1 15 0 -21.79 0.02875 -7.285e-06
1 15 1 -21.79 0.02875 -7.285e-06
1 15 2 -21.79 0.02875 -7.285e-06
1 15 3 -21.79 0.02875 -7.285e-06
1 15 4 -21.79 0.02875 -7.285e-06
1 15 5 -21.79 0.02875 -7.285e-06
1 15 6 -21.79 0.02875 -7.285e-06
1 15 7 -21.79 0.02875 -7.285e-06
1 15 8 -21.79 0.02875 -7.285e-06
1 15 9 -21.79 0.02875 -7.285e-06
1 15 10 -21.79 0.02875 -7.285e-06
1 15 11 -21.79 0.02875 -7.285e-06
1 15 12 -21.79 0.02875 -7.285e-06
1 15 13 -21.79 0.02875 -7.285e-06
1 15 14 -21.79 0.02875 -7.285e-06
1 15 15 -21.79 0.02875 -7.285e-06
1 15 16 -21.79 0.02875 -7.285e-06
1 16 0 -21.79 0.02875 -7.285e-06
1 16 1 -21.79 0.02875 -7.285e-06
1 16 2 -21.79 0.02875 -7.285e-06
1 16 3 -21.79 0.02875 -7.285e-06
1 16 4 -21.79 0.02875 -7.285e-06
1 16 5 -21.79 0.02875 -7.285e-06
1 16 6 -21.79 0.02875 -7.285e-06
1 16 7 -21.79 0.02875 -7.285e-06
1 16 8 -21.79 0.02875 -7.285e-06
1 16 9 -21.79 0.02875 -7.285e-06
1 16 10 -21.79 0.02875 -7.285e-06
1 16 11 -21.79 0.02875 -7.285e-06
1 16 12 -21.79 0.02875 -7.285e-06
1 16 13 -21.79 0.02875 -7.285e-06
1 16 14 -21.79 0.02875 -7.285e-06
1 16 15 -21.79 0.02875 -7.285e-06
1 16 16 -21.79 0.02875 -7.285e-06
1 17 0 -21.79 0.02875 -7.285e-06
1 17 1 -21.79 0.02875 -7.285e-06
1 17 2 -21.79 0.02875 -7.285e-06
1 17 3 -21.79 0.02875 -7.285e-06
1 17 4 -21.79 0.02875 -7.285e-06
1 17 5 -21.79 0.02875 -7.285e-06
1 17 6 -21.79 0.02875 -7.285e-06
1 17 7 -21.79 0.02875 -7.285e-06
1 17 8 -21.79 0.02875 -7.285e-06
1 17 9 -21.79 0.02875 -7.285e-06
1 17 10 -21.79 0.02875 -7.285e-06
1 17 11 -21.79 0.02875 -7.285e-06
1 17 12 -21.79 0.02875 -7.285e-06
1 17 13 -21.79 0.02875 -7.285e-06
1 17 14 -21.79 0.02875 -7.285e-06
1 17 15 -21.79 0.02875 -7.285e-06
1 17 16 -21.79 0.02875 -7.285e-06
1 18 0 -21.79 0.02875 -7.285e-06
1 18 1 -21.79 0.02875 -7.285e-06
1 18 2 -21.79 0.02875 -7.285e-06
1 18 3 -21.79 0.02875 -7.285e-06
1 18 4 -21.79 0.02875 -7.285e-06
1 18 5 -21.79 0.02875 -7.285e-06
1 18 6 -21.79 0.02875 -7.285e-06
1 18 7 -21.79 0.02875 -7.285e-06
1 18 8 -21.79 0.02875 -7.285e-06
1 18 9 -21.79 0.02875 -7.285e-06
1 18 10 -21.79 0.02875 -7.285e-06
1 18 11 -21.79 0.02875 -7.285e-06
1 18 12 -21.79 0.02875 -7.285e-06
1 18 13 -21.79 0.02875 -7.285e-06
1 18 14 -21.79 0.02875 -7.285e-06
1 18 15 -21.79 0.02875 -7.285e-06
1 18 16 -21.79 0.02875 -7.285e-06
1 19 0 -21.79 0.02875 -7.285e-06
1 19 1 -21.79 0.02875 -7.285e-06
1 19 2 -21.79 0.02875 -7.285e-06
1 19 3 -21.79 0.02875 -7.285e-06
1 19 4 -21.79 0.02875 -7.285e-06
1 19 5 -21.79 0.02875 -7.285e-06
1 19 6 -21.79 0.02875 -7.285e-06
1 19 7 -21.79 0.02875 -7.285e-06
1 19 8 -21.79 0.02875 -7.285e-06
1 19 9 -21.79 0.02875 -7.285e-06
1 19 10 -21.79 0.02875 -7.285e-06
1 19 11 -21.79 0.02875 -7.285e-06
1 19 12 -21.79 0.02875 -7.285e-06
1 19 13 -21.79 0.02875 -7.285e-06
1 19 14 -21.79 0.02875 -7.285e-06
1 19 15 -21.79 0.02875 -7.285e-06
1 19 16 -21.79 0.02875 -7.285e-06
1 20 0 -21.79 0.02875 -7.285e-06
1 20 1 -21.79 0.02875 -7.285e-06
1 20 2 -21.79 0.02875 -7.285e-06
1 20 3 -21.79 0.02875 -7.285e-06
1 20 4 -21.79 0.02875 -7.285e-06
1 20 5 -21.79 0.02875 -7.285e-06
1 20 6 -21.79 0.02875 -7.285e-06
1 20 7 -21.79 0.02875 -7.285e-06
1 20 8 -21.79 0.02875 -7.285e-06
1 20 9 -21.79 0.02875 -7.285e-06
1 20 10 -21.79 0.02875 -7.285e-06
1 20 11 -21.79 0.02875 -7.285e-06
1 20 12 -21.79 0.02875 -7.285e-06
1 20 13 -21.79 0.02875 -7.285e-06
1 20 14 -21.79 0.02875 -7.285e-06
1 20 15 -21.79 0.02875 -7.285e-06
1 20 16 -21.79 0.02875 -7.285e-06
1 21 0 -21.79 0.02875 -7.285e-06
1 21 1 -21.79 0.02875 -7.285e-06
1 21 2 -21.79 0.02875 -7.285e-06
1 21 3 -21.79 0.02875 -7.285e-06
1 21 4 -21.79 0.02875 -7.285e-06
1 21 5 -21.79 0.02875 -7.285e-06
1 21 6 -21.79 0.02875 -7.285e-06
1 21 7 -21.79 0.02875 -7.285e-06
1 21 8 -21.79 0.02875 -7.285e-06
1 21 9 -21.79 0.02875 -7.285e-06
1 21 10 -21.79 0.02875 -7.285e-06
1 21 11 -21.79 0.02875 -7.285e-06
1 21 12 -21.79 0.02875 -7.285e-06
1 21 13 -21.79 0.02875 -7.285e-06
1 21 14 -21.79 0.02875 -7.285e-06
1 21 15 -21.79 0.02875 -7.285e-06
1 21 16 -21.79 0.02875 -7.285e-06
1 22 0 -21.79 0.02875 -7.285e-06
1 22 1 -21.79 0.02875 -7.285e-06
1 22 2 -21.79 0.02875 -7.285e-06
1 22 3 -21.79 0.02875 -7.285e-06
1 22 4 -21.79 0.02875 -7.285e-06
1 22 5 -21.79 0.02875 -7.285e-06
1 22 6 -21.79 0.02875 -7.285e-06
1 22 7 -21.79 0.02875 -7.285e-06
1 22 8 -21.79 0.02875 -7.285e-06
1 22 9 -21.79 0.02875 -7.285e-06
1 22 10 -21.79 0.02875 -7.285e-06
1 22 11 -21.79 0.02875 -7.285e-06
1 22 12 -21.79 0.02875 -7.285e-06
1 22 13 -21.79 0.02875 -7.285e-06
1 22 14 -21.79 0.02875 -7.285e-06
1 22 15 -21.79 0.02875 -7.285e-06
1 22 16 -21.79 0.02875 -7.285e-06
1 23 0 -21.79 0.02875 -7.285e-06
1 23 1 -21.79 0.02875 -7.285e-06
1 23 2 -21.79 0.02875 -7.285e-06
1 23 3 -21.79 0.02875 -7.285e-06
1 23 4 -21.79 0.02875 -7.285e-06
1 23 5 -21.79 0.02875 -7.285e-06
1 23 6 -21.79 0.02875 -7.285e-06
1 23 7 -21.79 0.02875 -7.285e-06
1 23 8 -21.79 0.02875 -7.285e-06
1 23 9 -21.79 0.02875 -7.285e-06
1 23 10 -21.79 0.02875 -7.285e-06
1 23 11 -21.79 0.02875 -7.285e-06
1 23 12 -21.79 0.02875 -7.285e-06
1 23 13 -21.79 0.02875 -7.285e-06
1 23 14 -21.79 0.02875 -7.285e-06
1 23 15 -21.79 0.02875 -7.285e-06
1 23 16 -21.79 0.02875 -7.285e-06
1 24 0 -21.79 0.02875 -7.285e-06
1 24 1 -21.79 0.02875 -7.285e-06
1 24 2 -21.79 0.02875 -7.285e-06
1 24 3 -21.79 0.02875 -7.285e-06
1 24 4 -21.79 0.02875 -7.285e-06
1 24 5 -21.79 0.02875 -7.285e-06
1 24 6 -21.79 0.02875 -7.285e-06
1 24 7 -21.79 0.02875 -7.285e-06
1 24 8 -21.79 0.02875 -7.285e-06
1 24 9 -21.79 0.02875 -7.285e-06
1 24 10 -21.79 0.02875 -7.285e-06
1 24 11 -21.79 0.02875 -7.285e-06
1 24 12 -21.79 0.02875 -7.285e-06
1 24 13 -21.79 0.02875 -7.285e-06
1 24 14 -21.79 0.02875 -7.285e-06
1 24 15 -21.79 0.02875 -7.285e-06
1 24 16 -21.79 0.02875 -7.285e-06
1 25 0 -21.79 0.02875 -7.285e-06
1 25 1 -21.79 0.02875 -7.285e-06
1 25 2 -21.79 0.02875 -7.285e-06
1 25 3 -21.79 0.02875 -7.285e-06
1 25 4 -21.79 0.02875 -7.285e-06
1 25 5 -21.79 0.02875 -7.285e-06
1 25 6 -21.79 0.02875 -7.285e-06
1 25 7 -21.79 0.02875 -7.285e-06
1 25 8 -21.79 0.02875 -7.285e-06
1 25 9 -21.79 0.02875 -7.285e-06
1 25 10 -21.79 0.02875 -7.285e-06
1 25 11 -21.79 0.02875 -7.285e-06
1 25 12 -21.79 0.02875 -7.285e-06
1 25 13 -21.79 0.02875 -7.285e-06
1 25 14 -21.79 0.02875 -7.285e-06
1 25 15 -21.79 0.02875 -7.285e-06
1 25 16 -21.79 0.02875 -7.285e-06
1 26 0 -21.79 0.02875 -7.285e-06
1 26 1 -21.79 0.02875 -7.285e-06
1 26 2 -21.79 0.02875 -7.285e-06
1 26 3 -21.79 0.02875 -7.285e-06
1 26 4 -21.79 0.02875 -7.285e-06
1 26 5 -21.79 0.02875 -7.285e-06
1 26 6 -21.79 0.02875 -7.285e-06
1 26 7 -21.79 0.02875 -7.285e-06
1 26 8 -21.79 0.02875 -7.285e-06
1 26 9 -21.79 0.02875 -7.285e-06
1 26 10 -21.79 0.02875 -7.285e-06
1 26 11 -21.79 0.02875 -7.285e-06
1 26 12 -21.79 0.02875 -7.285e-06
1 26 13 -21.79 0.02875 -7.285e-06
1 26 14 -21.79 0.02875 -7.285e-06
1 26 15 -21.79 0.02875 -7.285e-06
1 26 16 -21.79 0.02875 -7.285e-06
1 27 0 -21.79 0.02875 -7.285e-06
1 27 1 -21.79 0.02875 -7.285e-06
1 27 2 -21.79 0.02875 -7.285e-06
1 27 3 -21.79 0.02875 -7.285e-06
1 27 4 -21.79 0.02875 -7.285e-06
1 27 5 -21.79 0.02875 -7.285e-06
1 27 6 -21.79 0.02875 -7.285e-06
1 27 7 -21.79 0.02875 -7.285e-06
1 27 8 -21.79 0.02875 -7.285e-06
1 27 9 -21.79 0.02875 -7.285e-06
1 27 10 -21.79 0.02875 -7.285e-06
1 27 11 -21.79 0.02875 -7.285e-06
1 27 12 -21.79 0.02875 -7.285e-06
1 27 13 -21.79 0.02875 -7.285e-06
1 27 14 -21.79 0.02875 -7.285e-06
1 27 15 -21.79 0.02875 -7.285e-06
1 27 16 -21.79 0.02875 -7.285e-06
1 28 0 -21.79 0.02875 -7.285e-06
1 28 1 -21.79 0.02875 -7.285e-06
1 28 2 -21.79 0.02875 -7.285e-06
1 28 3 -21.79 0.02875 -7.285e-06
1 28 4 -21.79 0.02875 -7.285e-06
1 28 5 -21.79 0.02875 -7.285e-06
1 28 6 -21.79 0.02875 -7.285e-06
1 28 7 -21.79 0.02875 -7.285e-06
1 28 8 -21.79 0.02875 -7.285e-06
1 28 9 -21.79 0.02875 -7.285e-06
1 28 10 -21.79 0.02875 -7.285e-06
1 28 11 -21.79 0.02875 -7.285e-06
1 28 12 -21.79 0.02875 -7.285e-06
1 28 13 -21.79 0.02875 -7.285e-06
1 28 14 -21.79 0.02875 -7.285e-06
1 28 15 -21.79 0.02875 -7.285e-06
1 28 16 -21.79 0.02875 -7.285e-06
1 29 0 -21.79 0.02875 -7.285e-06
1 29 1 -21.79 0.02875 -7.285e-06
1 29 2 -21.79 0.02875 -7.285e-06
1 29 3 -21.79 0.02875 -7.285e-06
1 29 4 -21.79 0.02875 -7.285e-06
1 29 5 -21.79 0.02875 -7.285e-06
1 29 6 -21.79 0.02875 -7.285e-06
1 29 7 -21.79 0.02875 -7.285e-06
1 29 8 -21.79 0.02875 -7.285e-06
1 29 9 -21.79 0.02875 -7.285e-06
1 29 10 -21.79 0.02875 -7.285e-06
1 29 11 -21.79 0.02875 -7.285e-06
1 29 12 -21.79 0.02875 -7.285e-06
1 29 13 -21.79 0.02875 -7.285e-06
1 29 14 -21.79 0.02875 -7.285e-06
1 29 15 -21.79 0.02875 -7.285e-06
1 29 16 -21.79 0.02875 -7.285e-06
1 30 0 -21.79 0.02875 -7.285e-06
1 30 1 -21.79 0.02875 -7.285e-06
1 30 2 -21.79 0.02875 -7.285e-06
1 30 3 -21.79 0.02875 -7.285e-06
1 30 4 -21.79 0.02875 -7.285e-06
1 30 5 -21.79 0.02875 -7.285e-06
1 30 6 -21.79 0.02875 -7.285e-06
1 30 7 -21.79 0.02875 -7.285e-06
1 30 8 -21.79 0.02875 -7.285e-06
1 30 9 -21.79 0.02875 -7.285e-06
1 30 10 -21.79 0.02875 -7.285e-06
1 30 11 -21.79 0.02875 -7.285e-06
1 30 12 -21.79 0.02875 -7.285e-06
1 30 13 -21.79 0.02875 -7.285e-06
1 30 14 -21.79 0.02875 -7.285e-06
1 30 15 -21.79 0.02875 -7.285e-06
1 30 16 -21.79 0.02875 -7.285e-06
1 31 0 -21.79 0.02875 -7.285e-06
1 31 1 -21.79 0.02875 -7.285e-06
1 31 2 -21.79 0.02875 -7.285e-06
1 31 3 -21.79 0.02875 -7.285e-06
1 31 4 -21.79 0.02875 -7.285e-06
1 31 5 -21.79 0.02875 -7.285e-06
1 31 6 -21.79 0.02875 -7.285e-06
1 31 7 -21.79 0.02875 -7.285e-06
1 31 8 -21.79 0.02875 -7.285e-06
1 31 9 -21.79 0.02875 -7.285e-06
1 31 10 -21.79 0.02875 -7.285e-06
1 31 11 -21.79 0.02875 -7.285e-06
1 31 12 -21.79 0.02875 -7.285e-06
1 31 13 -21.79 0.02875 -7.285e-06
1 31 14 -21.79 0.02875 -7.285e-06
1 31 15 -21.79 0.02875 -7.285e-06
1 31 16 -21.79 0.02875 -7.285e-06
1 32 0 -21.79 0.02875 -7.285e-06
1 32 1 -21.79 0.02875 -7.285e-06
1 32 2 -21.79 0.02875 -7.285e-06
1 32 3 -21.79 0.02875 -7.285e-06
1 32 4 -21.79 0.02875 -7.285e-06
1 32 5 -21.79 0.02875 -7.285e-06
1 32 6 -21.79 0.02875 -7.285e-06
1 32 7 -21.79 0.02875 -7.285e-06
1 32 8 -21.79 0.02875 -7.285e-06
1 32 9 -21.79 0.02875 -7.285e-06
1 32 10 -21.79 0.02875 -7.285e-06
1 32 11 -21.79 0.02875 -7.285e-06
1 32 12 -21.79 0.02875 -7.285e-06
1 32 13 -21.79 0.02875 -7.285e-06
1 32 14 -21.79 0.02875 -7.285e-06
1 32 15 -21.79 0.02875 -7.285e-06
1 32 16 -21.79 0.02875 -7.285e-06
1 33 0 -21.79 0.02875 -7.285e-06
1 33 1 -21.79 0.02875 -7.285e-06
1 33 2 -21.79 0.02875 -7.285e-06
1 33 3 -21.79 0.02875 -7.285e-06
1 33 4 -21.79 0.02875 -7.285e-06
1 33 5 -21.79 0.02875 -7.285e-06
1 33 6 -21.79 0.02875 -7.285e-06
1 33 7 -21.79 0.02875 -7.285e-06
1 33 8 -21.79 0.02875 -7.285e-06
1 33 9 -21.79 0.02875 -7.285e-06
1 33 10 -21.79 0.02875 -7.285e-06
1 33 11 -21.79 0.02875 -7.285e-06
1 33 12 -21.79 0.02875 -7.285e-06
1 33 13 -21.79 0.02875 -7.285e-06
1 33 14 -21.79 0.02875 -7.285e-06
1 33 15 -21.79 0.02875 -7.285e-06
1 33 16 -21.79 0.02875 -7.285e-06
2 0 0 -21.79 0.02875 -7.285e-06
2 0 1 -21.79 0.02875 -7.285e-06
2 0 2 -21.79 0.02875 -7.285e-06
2 0 3 -21.79 0.02875 -7.285e-06
2 0 4 -21.79 0.02875 -7.285e-06
2 0 5 -21.79 0.02875 -7.285e-06
2 0 6 -21.79 0.02875 -7.285e-06
2 0 7 -21.79 0.02875 -7.285e-06
2 0 8 -21.79 0.02875 -7.285e-06
2 0 9 -21.79 0.02875 -7.285e-06
2 0 10 -21.79 0.02875 -7.285e-06
2 0 11 -21.79 0.02875 -7.285e-06
2 0 12 -21.79 0.02875 -7.285e-06
2 0 13 -21.79 0.02875 -7.285e-06
2 0 14 -21.79 0.02875 -7.285e-06
2 0 15 -21.79 0.02875 -7.285e-06
2 0 16 -21.79 0.02875 -7.285e-06
2 1 0 -21.79 0.02875 -7.285e-06
2 1 1 -21.79 0.02875 -7.285e-06
2 1 2 -21.79 0.02875 -7.285e-06
2 1 3 -21.79 0.02875 -7.285e-06
2 1 4 -21.79 0.02875 -7.285e-06
2 1 5 -21.79 0.02875 -7.285e-06
2 1 6 -21.79 0.02875 -7.285e-06
2 1 7 -21.79 0.02875 -7.285e-06
2 1 8 -21.79 0.02875 -7.285e-06
2 1 9 -21.79 0.02875 -7.285e-06
2 1 10 -21.79 0.02875 -7.285e-06
2 1 11 -21.79 0.02875 -7.285e-06
2 1 12 -21.79 0.02875 -7.285e-06
2 1 13 -21.79 0.02875 -7.285e-06
2 1 14 -21.79 0.02875 -7.285e-06
2 1 15 -21.79 0.02875 -7.285e-06
2 1 16 -21.79 0.02875 -7.285e-06
2 2 0 -21.79 0.02875 -7.285e-06
2 2 1 -21.79 0.02875 -7.285e-06
2 2 2 -21.79 0.02875 -7.285e-06
2 2 3 -21.79 0.02875 -7.285e-06
2 2 4 -21.79 0.02875 -7.285e-06
2 2 5 -21.79 0.02875 -7.285e-06
2 2 6 -21.79 0.02875 -7.285e-06
2 2 7 -21.79 0.02875 -7.285e-06
2 2 8 -21.79 0.02875 -7.285e-06
2 2 9 -21.79 0.02875 -7.285e-06
2 2 10 -21.79 0.02875 -7.285e-06
2 2 11 -21.79 0.02875 -7.285e-06
2 2 12 -21.79 0.02875 -7.285e-06
2 2 13 -21.79 0.02875 -7.285e-06
2 2 14 -21.79 0.02875 -7.285e-06
2 2 15 -21.79 0.02875 -7.285e-06
2 2 16 -21.79 0.02875 -7.285e-06
2 3 0 -21.79 0.02875 -7.285e-06
2 3 1 -21.79 0.02875 -7.285e-06
2 3 2 -21.79 0.02875 -7.285e-06
2 3 3 -21.79 0.02875 -7.285e-06
2 3 4 -21.79 0.02875 -7.285e-06
2 3 5 -21.79 0.02875 -7.285e-06
2 3 6 -21.79 0.02875 -7.285e-06
2 3 7 -21.79 0.02875 -7.285e-06
2 3 8 -21.79 0.02875 -7.285e-06
2 3 9 -21.79 0.02875 -7.285e-06
2 3 10 -21.79 0.02875 -7.285e-06
2 3 11 -21.79 0.02875 -7.285e-06
2 3 12 -21.79 0.02875 -7.285e-06
2 3 13 -21.79 0.02875 -7.285e-06
2 3 14 -21.79 0.02875 -7.285e-06
2 3 15 -21.79 0.02875 -7.285e-06
2 3 16 -21.79 0.02875 -7.285e-06
2 4 0 -21.79 0.02875 -7.285e-06
2 4 1 -21.79 0.02875 -7.285e-06
2 4 2 -21.79 0.02875 -7.285e-06
2 4 3 -21.79 0.02875 -7.285e-06
2 4 4 -21.79 0.02875 -7.285e-06
2 4 5 -21.79 0.02875 -7.285e-06
2 4 6 -21.79 0.02875 -7.285e-06
2 4 7 -21.79 0.02875 -7.285e-06
2 4 8 -21.79 0.02875 -7.285e-06
2 4 9 -21.79 0.02875 -7.285e-06
2 4 10 -21.79 0.02875 -7.285e-06
2 4 11 -21.79 0.02875 -7.285e-06
2 4 12 -21.79 0.02875 -7.285e-06
2 4 13 -21.79 0.02875 -7.285e-06
2 4 14 -21.79 0.02875 -7.285e-06
2 4 15 -21.79 0.02875 -7.285e-06
2 4 16 -21.79 0.02875 -7.285e-06
2 5 0 -21.79 0.02875 -7.285e-06
2 5 1 -21.79 0.02875 -7.285e-06
2 5 2 -21.79 0.02875 -7.285e-06
2 5 3 -21.79 0.02875 -7.285e-06
2 5 4 -21.79 0.02875 -7.285e-06
2 5 5 -21.79 0.02875 -7.285e-06
2 5 6 -21.79 0.02875 -7.285e-06
2 5 7 -21.79 0.02875 -7.285e-06
2 5 8 -21.79 0.02875 -7.285e-06
2 5 9 -21.79 0.02875 -7.285e-06
2 5 10 -21.79 0.02875 -7.285e-06
2 5 11 -21.79 0.02875 -7.285e-06
2 5 12 -21.79 0.02875 -7.285e-06
2 5 13 -21.79 0.02875 -7.285e-06
2 5 14 -21.79 0.02875 -7.285e-06
2 5 15 -21.79 0.02875 -7.285e-06
2 5 16 -21.79 0.02875 -7.285e-06
2 6 0 -21.79 0.02875 -7.285e-06
2 6 1 -21.79 0.02875 -7.285e-06
2 6 2 -21.79 0.02875 -7.285e-06
2 6 3 -21.79 0.02875 -7.285e-06
2 6 4 -21.79 0.02875 -7.285e-06
2 6 5 -21.79 0.02875 -7.285e-06
2 6 6 -21.79 0.02875 -7.285e-06
2 6 7 -21.79 0.02875 -7.285e-06
2 6 8 -21.79 0.02875 -7.285e-06
2 6 9 -21.79 0.02875 -7.285e-06
2 6 10 -21.79 0.02875 -7.285e-06
2 6 11 -21.79 0.02875 -7.285e-06
2 6 12 -21.79 0.02875 -7.285e-06
2 6 13 -21.79 0.02875 -7.285e-06
2 6 14 -21.79 0.02875 -7.285e-06
2 6 15 -21.79 0.02875 -7.285e-06
2 6 16 -21.79 0.02875 -7.285e-06
2 7 0 -21.79 0.02875 -7.285e-06
2 7 1 -21.79 0.02875 -7.285e-06
2 7 2 -21.79 0.02875 -7.285e-06
2 7 3 -21.79 0.02875 -7.285e-06
2 7 4 -21.79 0.02875 -7.285e-06
2 7 5 -21.79 0.02875 -7.285e-06
2 7 6 -21.79 0.02875 -7.285e-06
2 7 7 -21.79 0.02875 -7.285e-06
2 7 8 -21.79 0.02875 -7.285e-06
2 7 9 -21.79 0.02875 -7.285e-06
2 7 10 -21.79 0.02875 -7.285e-06
2 7 11 -21.79 0.02875 -7.285e-06
2 7 12 -21.79 0.02875 -7.285e-06
2 7 13 -21.79 0.02875 -7.285e-06
2 7 14 -21.79 0.02875 -7.285e-06
2 7 15 -21.79 0.02875 -7.285e-06
2 7 16 -21.79 0.02875 -7.285e-06
2 8 0 -21.79 0.02875 -7.285e-06
2 8 1 -21.79 0.02875 -7.285e-06
2 8 2 -21.79 0.02875 -7.285e-06
2 8 3 -21.79 0.02875 -7.285e-06
2 8 4 -21.79 0.02875 -7.285e-06
2 8 5 -21.79 0.02875 -7.285e-06
2 8 6 -21.79 0.02875 -7.285e-06
2 8 7 -21.79 0.02875 -7.285e-06
2 8 8 -21.79 0.02875 -7.285e-06
2 8 9 -21.79 0.02875 -7.285e-06
2 8 10 -21.79 0.02875 -7.285e-06
2 8 11 -21.79 0.02875 -7.285e-06
2 8 12 -21.79 0.02875 -7.285e-06
2 8 13 -21.79 0.02875 -7.285e-06
2 8 14 -21.79 0.02875 -7.285e-06
2 8 15 -21.79 0.02875 -7.285e-06
2 8 16 -21.79 0.02875 -7.285e-06
2 9 0 -21.79 0.02875 -7.285e-06
2 9 1 -21.79 0.02875 -7.285e-06
2 9 2 -21.79 0.02875 -7.285e-06
2 9 3 -21.79 0.02875 -7.285e-06
2 9 4 -21.79 0.02875 -7.285e-06
2 9 5 -21.79 0.02875 -7.285e-06
2 9 6 -21.79 0.02875 -7.285e-06
2 9 7 -21.79 0.02875 -7.285e-06
2 9 8 -21.79 0.02875 -7.285e-06
2 9 9 -21.79 0.02875 -7.285e-06
2 9 10 -21.79 0.02875 -7.285e-06
2 9 11 -21.79 0.02875 -7.285e-06
2 9 12 -21.79 0.02875 -7.285e-06
2 9 13 -21.79 0.02875 -7.285e-06
2 9 14 -21.79 0.02875 -7.285e-06
2 9 15 -21.79 0.02875 -7.285e-06
2 9 16 -21.79 0.02875 -7.285e-06
2 10 0 -21.79 0.02875 -7.285e-06
2 10 1 -21.79 0.02875 -7.285e-06
2 10 2 -21.79 0.02875 -7.285e-06
2 10 3 -21.79 0.02875 -7.285e-06
2 10 4 -21.79 0.02875 -7.285e-06
2 10 5 -21.79 0.02875 -7.285e-06
2 10 6 -21.79 0.02875 -7.285e-06
2 10 7 -21.79 0.02875 -7.285e-06
2 10 8 -21.79 0.02875 -7.285e-06
2 10 9 -21.79 0.02875 -7.285e-06
2 10 10 -21.79 0.02875 -7.285e-06
2 10 11 -21.79 0.02875 -7.285e-06
2 10 12 -21.79 0.02875 -7.285e-06
2 10 13 -21.79 0.02875 -7.285e-06
2 10 14 -21.79 0.02875 -7.285e-06
2 10 15 -21.79 0.02875 -7.285e-06
2 10 16 -21.79 0.02875 -7.285e-06
2 11 0 -21.79 0.02875 -7.285e-06
2 11 1 -21.79 0.02875 -7.285e-06
2 11 2 -21.79 0.02875 -7.285e-06
2 11 3 -21.79 0.02875 -7.285e-06
2 11 4 -21.79 0.02875 -7.285e-06
2 11 5 -21.79 0.02875 -7.285e-06
2 11 6 -21.79 0.02875 -7.285e-06
2 11 7 -21.79 0.02875 -7.285e-06
2 11 8 -21.79 0.02875 -7.285e-06
2 11 9 -21.79 0.02875 -7.285e-06
2 11 10 -21.79 0.02875 -7.285e-06
2 11 11 -21.79 0.02875 -7.285e-06
2 11 12 -21.79 0.02875 -7.285e-06
2 11 13 -21.79 0.02875 -7.285e-06
2 11 14 -21.79 0.02875 -7.285e-06
2 11 15 -21.79 0.02875 -7.285e-06
2 11 16 -21.79 0.02875 -7.285e-06
2 12 0 -21.79 0.02875 -7.285e-06
2 12 1 -21.79 0.02875 -7.285e-06
2 12 2 -21.79 0.02875 -7.285e-06
2 12 3 -21.79 0.02875 -7.285e-06
2 12 4 -21.79 0.02875 -7.285e-06
2 12 5 -21.79 0.02875 -7.285e-06
2 12 6 -21.79 0.02875 -7.285e-06
2 12 7 -21.79 0.02875 -7.285e-06
2 12 8 -21.79 0.02875 -7.285e-06
2 12 9 -21.79 0.02875 -7.285e-06
2 12 10 -21.79 0.02875 -7.285e-06
2 12 11 -21.79 0.02875 -7.285e-06
2 12 12 -21.79 0.02875 -7.285e-06
2 12 13 -21.79 0.02875 -7.285e-06
2 12 14 -21.79 0.02875 -7.285e-06
2 12 15 -21.79 0.02875 -7.285e-06
2 12 16 -21.79 0.02875 -7.285e-06
2 13 0 -21.79 0.02875 -7.285e-06
2 13 1 -21.79 0.02875 -7.285e-06
2 13 2 -21.79 0.02875 -7.285e-06
2 13 3 -21.79 0.02875 -7.285e-06
2 13 4 -21.79 0.02875 -7.285e-06
2 13 5 -21.79 0.02875 -7.285e-06
2 13 6 -21.79 0.02875 -7.285e-06
2 13 7 -21.79 0.02875 -7.285e-06
2 13 8 -21.79 0.02875 -7.285e-06
2 13 9 -21.79 0.02875 -7.285e-06
2 13 10 -21.79 0.02875 -7.285e-06
2 13 11 -21.79 0.02875 -7.285e-06
2 13 12 -21.79 0.02875 -7.285e-06
2 13 13 -21.79 0.02875 -7.285e-06
2 13 14 -21.79 0.02875 -7.285e-06
2 13 15 -21.79 0.02875 -7.285e-06
2 13 16 -21.79 0.02875 -7.285e-06
2 14 0 -21.79 0.02875 -7.285e-06
2 14 1 -21.79 0.02875 -7.285e-06
2 14 2 -21.79 0.02875 -7.285e-06
2 14 3 -21.79 0.02875 -7.285e-06
2 14 4 -21.79 0.02875 -7.285e-06
2 14 5 -21.79 0.02875 -7.285e-06
2 14 6 -21.79 0.02875 -7.285e-06
2 14 7 -21.79 0.02875 -7.285e-06
2 14 8 -21.79 0.02875 -7.285e-06
2 14 9 -21.79 0.02875 -7.285e-06
2 14 10 -21.79 0.02875 -7.285e-06
2 14 11 -21.79 0.02875 -7.285e-06
2 14 12 -21.79 0.02875 -7.285e-06
2 14 13 -21.79 0.02875 -7.285e-06
2 14 14 -21.79 0.02875 -7.285e-06
2 14 15 -21.79 0.02875 -7.285e-06
2 14 16 -21.79 0.02875 -7.285e-06
2 15 0 -21.79 0.02875 -7.285e-06
2 15 1 -21.79 0.02875 -7.285e-06
2 15 2 -21.79 0.02875 -7.285e-06
2 15 3 -21.79 0.02875 -7.285e-06
2 15 4 -21.79 0.02875 -7.285e-06
2 15 5 -21.79 0.02875 -7.285e-06
2 15 6 -21.79 0.02875 -7.285e-06
2 15 7 -21.79 0.02875 -7.285e-06
2 15 8 -21.79 0.02875 -7.285e-06
2 15 9 -21.79 0.02875 -7.285e-06
2 15 10 -21.79 0.02875 -7.285e-06
2 15 11 -21.79 0.02875 -7.285e-06
2 15 12 -21.79 0.02875 -7.285e-06
2 15 13 -21.79 0.02875 -7.285e-06
2 15 14 -21.79 0.02875 -7.285e-06
2 15 15 -21.79 0.02875 -7.285e-06
2 15 16 -21.79 0.02875 -7.285e-06
2 16 0 -21.79 0.02875 -7.285e-06
2 16 1 -21.79 0.02875 -7.285e-06
2 16 2 -21.79 0.02875 -7.285e-06
2 16 3 -21.79 0.02875 -7.285e-06
2 16 4 -21.79 0.02875 -7.285e-06
2 16 5 -21.79 0.02875 -7.285e-06
2 16 6 -21.79 0.02875 -7.285e-06
2 16 7 -21.79 0.02875 -7.285e-06
2 16 8 -21.79 0.02875 -7.285e-06
2 16 9 -21.79 0.02875 -7.285e-06
2 16 10 -21.79 0.02875 -7.285e-06
2 16 11 -21.79 0.02875 -7.285e-06
2 16 12 -21.79 0.02875 -7.285e-06
2 16 13 -21.79 0.02875 -7.285e-06
2 16 14 -21.79 0.02875 -7.285e-06
2 16 15 -21.79 0.02875 -7.285e-06
2 16 16 -21.79 0.02875 -7.285e-06
2 17 0 -21.79 0.02875 -7.285e-06
2 17 1 -21.79 0.02875 -7.285e-06
2 17 2 -21.79 0.02875 -7.285e-06
2 17 3 -21.79 0.02875 -7.285e-06
2 17 4 -21.79 0.02875 -7.285e-06
2 17 5 -21.79 0.02875 -7.285e-06
2 17 6 -21.79 0.02875 -7.285e-06
2 17 7 -21.79 0.02875 -7.285e-06
2 17 8 -21.79 0.02875 -7.285e-06
2 17 9 -21.79 0.02875 -7.285e-06
2 17 10 -21.79 0.02875 -7.285e-06
2 17 11 -21.79 0.02875 -7.285e-06
2 17 12 -21.79 0.02875 -7.285e-06
2 17 13 -21.79 0.02875 -7.285e-06
2 17 14 -21.79 0.02875 -7.285e-06
2 17 15 -21.79 0.02875 -7.285e-06
2 17 16 -21.79 0.02875 -7.285e-06
2 18 0 -21.79 0.02875 -7.285e-06
2 18 1 -21.79 0.02875 -7.285e-06
2 18 2 -21.79 0.02875 -7.285e-06
2 18 3 -21.79 0.02875 -7.285e-06
2 18 4 -21.79 0.02875 -7.285e-06
2 18 5 -21.79 0.02875 -7.285e-06
2 18 6 -21.79 0.02875 -7.285e-06
2 18 7 -21.79 0.02875 -7.285e-06
2 18 8 -21.79 0.02875 -7.285e-06
2 18 9 -21.79 0.02875 -7.285e-06
2 18 10 -21.79 0.02875 -7.285e-06
2 18 11 -21.79 0.02875 -7.285e-06
2 18 12 -21.79 0.02875 -7.285e-06
2 18 13 -21.79 0.02875 -7.285e-06
2 18 14 -21.79 0.02875 -7.285e-06
2 18 15 -21.79 0.02875 -7.285e-06
2 18 16 -21.79 0.02875 -7.285e-06
2 19 0 -21.79 0.02875 -7.285e-06
2 19 1 -21.79 0.02875 -7.285e-06
2 19 2 -21.79 0.02875 -7.285e-06
2 19 3 -21.79 0.02875 -7.285e-06
2 19 4 -21.79 0.02875 -7.285e-06
2 19 5 -21.79 0.02875 -7.285e-06
2 19 6 -21.79 0.02875 -7.285e-06
2 19 7 -21.79 0.02875 -7.285e-06
2 19 8 -21.79 0.02875 -7.285e-06
2 19 9 -21.79 0.02875 -7.285e-06
2 19 10 -21.79 0.02875 -7.285e-06
2 19 11 -21.79 0.02875 -7.285e-06
2 19 12 -21.79 0.02875 -7.285e-06
2 19 13 -21.79 0.02875 -7.285e-06
2 19 14 -21.79 0.02875 -7.285e-06
2 19 15 -21.79 0.02875 -7.285e-06
2 19 16 -21.79 0.02875 -7.285e-06
2 20 0 -21.79 0.02875 -7.285e-06
2 20 1 -21.79 0.02875 -7.285e-06
2 20 2 -21.79 0.02875 -7.285e-06
2 20 3 -21.79 0.02875 -7.285e-06
2 20 4 -21.79 0.02875 -7.285e-06
2 20 5 -21.79 0.02875 -7.285e-06
2 20 6 -21.79 0.02875 -7.285e-06
2 20 7 -21.79 0.02875 -7.285e-06
2 20 8 -21.79 0.02875 -7.285e-06
2 20 9 -21.79 0.02875 -7.285e-06
2 20 10 -21.79 0.02875 -7.285e-06
2 20 11 -21.79 0.02875 -7.285e-06
2 20 12 -21.79 0.02875 -7.285e-06
2 20 13 -21.79 0.02875 -7.285e-06
2 20 14 -21.79 0.02875 -7.285e-06
2 20 15 -21.79 0.02875 -7.285e-06
2 20 16 -21.79 0.02875 -7.285e-06
2 21 0 -21.79 0.02875 -7.285e-06
2 21 1 -21.79 0.02875 -7.285e-06
2 21 2 -21.79 0.02875 -7.285e-06
2 21 3 -21.79 0.02875 -7.285e-06
2 21 4 -21.79 0.02875 -7.285e-06
2 21 5 -21.79 0.02875 -7.285e-06
2 21 6 -21.79 0.02875 -7.285e-06
2 21 7 -21.79 0.02875 -7.285e-06
2 21 8 -21.79 0.02875 -7.285e-06
2 21 9 -21.79 0.02875 -7.285e-06
2 21 10 -21.79 0.02875 -7.285e-06
2 21 11 -21.79 0.02875 -7.285e-06
2 21 12 -21.79 0.02875 -7.285e-06
2 21 13 -21.79 0.02875 -7.285e-06
2 21 14 -21.79 0.02875 -7.285e-06
2 21 15 -21.79 0.02875 -7.285e-06
2 21 16 -21.79 0.02875 -7.285e-06
2 22 0 -21.79 0.02875 -7.285e-06
2 22 1 -21.79 0.02875 -7.285e-06
2 22 2 -21.79 0.02875 -7.285e-06
2 22 3 -21.79 0.02875 -7.285e-06
2 22 4 -21.79 0.02875 -7.285e-06
2 22 5 -21.79 0.02875 -7.285e-06
2 22 6 -21.79 0.02875 -7.285e-06
2 22 7 -21.79 0.02875 -7.285e-06
2 22 8 -21.79 0.02875 -7.285e-06
2 22 9 -21.79 0.02875 -7.285e-06
2 22 10 -21.79 0.02875 -7.285e-06
2 22 11 -21.79 0.02875 -7.285e-06
2 22 12 -21.79 0.02875 -7.285e-06
2 22 13 -21.79 0.02875 -7.285e-06
2 22 14 -21.79 0.02875 -7.285e-06
2 22 15 -21.79 0.02875 -7.285e-06
2 22 16 -21.79 0.02875 -7.285e-06
2 23 0 -21.79 0.02875 -7.285e-06
2 23 1 -21.79 0.02875 -7.285e-06
2 23 2 -21.79 0.02875 -7.285e-06
2 23 3 -21.79 0.02875 -7.285e-06
2 23 4 -21.79 0.02875 -7.285e-06
2 23 5 -21.79 0.02875 -7.285e-06
2 23 6 -21.79 0.02875 -7.285e-06
2 23 7 -21.79 0.02875 -7.285e-06
2 23 8 -21.79 0.02875 -7.285e-06
2 23 9 -21.79 0.02875 -7.285e-06
2 23 10 -21.79 0.02875 -7.285e-06
2 23 11 -21.79 0.02875 -7.285e-06
2 23 12 -21.79 0.02875 -7.285e-06
2 23 13 -21.79 0.02875 -7.285e-06
2 23 14 -21.79 0.02875 -7.285e-06
2 23 15 -21.79 0.02875 -7.285e-06
2 23 16 -21.79 0.02875 -7.285e-06
2 24 0 -21.79 0.02875 -7.285e-06
2 24 1 -21.79 0.02875 -7.285e-06
2 24 2 -21.79 0.02875 -7.285e-06
2 24 3 -21.79 0.02875 -7.285e-06
2 24 4 -21.79 0.02875 -7.285e-06
2 24 5 -21.79 0.02875 -7.285e-06
2 24 6 -21.79 0.02875 -7.285e-06
2 24 7 -21.79 0.02875 -7.285e-06
2 24 8 -21.79 0.02875 -7.285e-06
2 24 9 -21.79 0.02875 -7.285e-06
2 24 10 -21.79 0.02875 -7.285e-06
2 24 11 -21.79 0.02875 -7.285e-06
2 24 12 -21.79 0.02875 -7.285e-06
2 24 13 -21.79 0.02875 -7.285e-06
2 24 14 -21.79 0.02875 -7.285e-06
2 24 15 -21.79 0.02875 -7.285e-06
2 24 16 -21.79 0.02875 -7.285e-06
2 25 0 -21.79 0.02875 -7.285e-06
2 25 1 -21.79 0.02875 -7.285e-06
2 25 2 -21.79 0.02875 -7.285e-06
2 25 3 -21.79 0.02875 -7.285e-06
2 25 4 -21.79 0.02875 -7.285e-06
2 25 5 -21.79 0.02875 -7.285e-06
2 25 6 -21.79 0.02875 -7.285e-06
2 25 7 -21.79 0.02875 -7.285e-06
2 25 8 -21.79 0.02875 -7.285e-06
2 25 9 -21.79 0.02875 -7.285e-06
2 25 10 -21.79 0.02875 -7.285e-06
2 25 11 -21.79 0.02875 -7.285e-06
2 25 12 -21.79 0.02875 -7.285e-06
2 25 13 -21.79 0.02875 -7.285e-06
2 25 14 -21.79 0.02875 -7.285e-06
2 25 15 -21.79 0.02875 -7.285e-06
2 25 16 -21.79 0.02875 -7.285e-06
2 26 0 -21.79 0.02875 -7.285e-06
2 26 1 -21.79 0.02875 -7.285e-06
2 26 2 -21.79 0.02875 -7.285e-06
2 26 3 -21.79 0.02875 -7.285e-06
2 26 4 -21.79 0.02875 -7.285e-06
2 26 5 -21.79 0.02875 -7.285e-06
2 26 6 -21.79 0.02875 -7.285e-06
2 26 7 -21.79 0.02875 -7.285e-06
2 26 8 -21.79 0.02875 -7.285e-06
2 26 9 -21.79 0.02875 -7.285e-06
2 26 10 -21.79 0.02875 -7.285e-06
2 26 11 -21.79 0.02875 -7.285e-06
2 26 12 -21.79 0.02875 -7.285e-06
2 26 13 -21.79 0.02875 -7.285e-06
2 26 14 -21.79 0.02875 -7.285e-06
2 26 15 -21.79 0.02875 -7.285e-06
2 26 16 -21.79 0.02875 -7.285e-06
2 27 0 -21.79 0.02875 -7.285e-06
2 27 1 -21.79 0.02875 -7.285e-06
2 27 2 -21.79 0.02875 -7.285e-06
2 27 3 -21.79 0.02875 -7.285e-06
2 27 4 -21.79 0.02875 -7.285e-06
2 27 5 -21.79 0.02875 -7.285e-06
2 27 6 -21.79 0.02875 -7.285e-06
2 27 7 -21.79 0.02875 -7.285e-06
2 27 8 -21.79 0.02875 -7.285e-06
2 27 9 -21.79 0.02875 -7.285e-06
2 27 10 -21.79 0.02875 -7.285e-06
2 27 11 -21.79 0.02875 -7.285e-06
2 27 12 -21.79 0.02875 -7.285e-06
2 27 13 -21.79 0.02875 -7.285e-06
2 27 14 -21.79 0.02875 -7.285e-06
2 27 15 -21.79 0.02875 -7.285e-06
2 27 16 -21.79 0.02875 -7.285e-06
2 28 0 -21.79 0.02875 -7.285e-06
2 28 1 -21.79 0.02875 -7.285e-06
2 28 2 -21.79 0.02875 -7.285e-06
2 28 3 -21.79 0.02875 -7.285e-06
2 28 4 -21.79 0.02875 -7.285e-06
2 28 5 -21.79 0.02875 -7.285e-06
2 28 6 -21.79 0.02875 -7.285e-06
2 28 7 -21.79 0.02875 -7.285e-06
2 28 8 -21.79 0.02875 -7.285e-06
2 28 9 -21.79 0.02875 -7.285e-06
2 28 10 -21.79 0.02875 -7.285e-06
2 28 11 -21.79 0.02875 -7.285e-06
2 28 12 -21.79 0.02875 -7.285e-06
2 28 13 -21.79 0.02875 -7.285e-06
2 28 14 -21.79 0.02875 -7.285e-06
2 28 15 -21.79 0.02875 -7.285e-06
2 28 16 -21.79 0.02875 -7.285e-06
2 29 0 -21.79 0.02875 -7.285e-06
2 29 1 -21.79 0.02875 -7.285e-06
2 29 2 -21.79 0.02875 -7.285e-06
2 29 3 -21.79 0.02875 -7.285e-06
2 29 4 -21.79 0.02875 -7.285e-06
2 29 5 -21.79 0.02875 -7.285e-06
2 29 6 -21.79 0.02875 -7.285e-06
2 29 7 -21.79 0.02875 -7.285e-06
2 29 8 -21.79 0.02875 -7.285e-06
2 29 9 -21.79 0.02875 -7.285e-06
2 29 10 -21.79 0.02875 -7.285e-06
2 29 11 -21.79 0.02875 -7.285e-06
2 29 12 -21.79 0.02875 -7.285e-06
2 29 13 -21.79 0.02875 -7.285e-06
2 29 14 -21.79 0.02875 -7.285e-06
2 29 15 -21.79 0.02875 -7.285e-06
2 29 16 -21.79 0.02875 -7.285e-06
2 30 0 -21.79 0.02875 -7.285e-06
2 30 1 -21.79 0.02875 -7.285e-06
2 30 2 -21.79 0.02875 -7.285e-06
2 30 3 -21.79 0.02875 -7.285e-06
2 30 4 -21.79 0.02875 -7.285e-06
2 30 5 -21.79 0.02875 -7.285e-06
2 30 6 -21.79 0.02875 -7.285e-06
2 30 7 -21.79 0.02875 -7.285e-06
2 30 8 -21.79 0.02875 -7.285e-06
2 30 9 -21.79 0.02875 -7.285e-06
2 30 10 -21.79 0.02875 -7.285e-06
2 30 11 -21.79 0.02875 -7.285e-06
2 30 12 -21.79 0.02875 -7.285e-06
2 30 13 -21.79 0.02875 -7.285e-06
2 30 14 -21.79 0.02875 -7.285e-06
2 30 15 -21.79 0.02875 -7.285e-06
2 30 16 -21.79 0.02875 -7.285e-06
2 31 0 -21.79 0.02875 -7.285e-06
2 31 1 -21.79 0.02875 -7.285e-06
2 31 2 -21.79 0.02875 -7.285e-06
2 31 3 -21.79 0.02875 -7.285e-06
2 31 4 -21.79 0.02875 -7.285e-06
2 31 5 -21.79 0.02875 -7.285e-06
2 31 6 -21.79 0.02875 -7.285e-06
2 31 7 -21.79 0.02875 -7.285e-06
2 31 8 -21.79 0.02875 -7.285e-06
2 31 9 -21.79 0.02875 -7.285e-06
2 31 10 -21.79 0.02875 -7.285e-06
2 31 11 -21.79 0.02875 -7.285e-06
2 31 12 -21.79 0.02875 -7.285e-06
2 31 13 -21.79 0.02875 -7.285e-06
2 31 14 -21.79 0.02875 -7.285e-06
2 31 15 -21.79 0.02875 -7.285e-06
2 31 16 -21.79 0.02875 -7.285e-06
2 32 0 -21.79 0.02875 -7.285e-06
2 32 1 -21.79 0.02875 -7.285e-06
2 32 2 -21.79 0.02875 -7.285e-06
2 32 3 -21.79 0.02875 -7.285e-06
2 32 4 -21.79 0.02875 -7.285e-06
2 32 5 -21.79 0.02875 -7.285e-06
2 32 6 -21.79 0.02875 -7.285e-06
2 32 7 -21.79 0.02875 -7.285e-06
2 32 8 -21.79 0.02875 -7.285e-06
2 32 9 -21.79 0.02875 -7.285e-06
2 32 10 -21.79 0.02875 -7.285e-06
2 32 11 -21.79 0.02875 -7.285e-06
2 32 12 -21.79 0.02875 -7.285e-06
2 32 13 -21.79 0.02875 -7.285e-06
2 32 14 -21.79 0.02875 -7.285e-06
2 32 15 -21.79 0.02875 -7.285e-06
2 32 16 -21.79 0.02875 -7.285e-06
2 33 0 -21.79 0.02875 -7.285e-06
2 33 1 -21.79 0.02875 -7.285e-06
2 33 2 -21.79 0.02875 -7.285e-06
2 33 3 -21.79 0.02875 -7.285e-06
2 33 4 -21.79 0.02875 -7.285e-06
2 33 5 -21.79 0.02875 -7.285e-06
2 33 6 -21.79 0.02875 -7.285e-06
2 33 7 -21.79 0.02875 -7.285e-06
2 33 8 -21.79 0.02875 -7.285e-06
2 33 9 -21.79 0.02875 -7.285e-06
2 33 10 -21.79 0.02875 -7.285e-06
2 33 11 -21.79 0.02875 -7.285e-06
2 33 12 -21.79 0.02875 -7.285e-06
2 33 13 -21.79 0.02875 -7.285e-06
2 33 14 -21.79 0.02875 -7.285e-06
2 33 15 -21.79 0.02875 -7.285e-06
2 33 16 -21.79 0.02875 -7.285e-06
