1 1 0 0 -1600 1170.16984
1 2 0 1 -1529 19.77528
1 3 0 2 -1600 1713.41771
1 4 0 3 -1513 17.12593
1 5 0 4 -1440 14.14000
1 6 0 5 -1600 820.62808
1 7 0 6 -1600 56.75662
1 8 0 7 -1443 49.64472
1 9 0 8 0 28.68000
1 10 0 9 0 28.46000
1 18 1 0 -1321 0.21123
1 19 1 1 -1291 0.16098
1 20 1 2 -1416 0.49091
1 21 1 3 -1187 0.05748
1 22 1 4 -1452 0.66419
1 23 1 5 -1665 3.60123
1 24 1 6 -1466 0.75268
1 25 1 7 -1600 434.87197
1 26 1 8 -1600 1517.91464
1 27 1 9 -1393 3.24152
1 28 1 10 0 27.92000
1 35 2 0 -1237 0.09512
1 36 2 1 -1301 0.17284
1 37 2 2 -1298 0.17118
1 38 2 3 -1280 0.14527
1 39 2 4 -1397 0.41711
1 40 2 5 -1353 0.28176
1 41 2 6 -1287 0.15383
1 42 2 7 -1401 0.43749
1 43 2 8 -1254 0.10781
1 44 2 9 -1356 0.48451
1 45 2 10 -1600 327.67847
1 46 2 11 -1442 10.49635
1 52 3 0 -1443 0.61637
1 53 3 1 -1188 0.05769
1 54 3 2 -1202 0.06561
1 55 3 3 -1338 0.24799
1 56 3 4 -1261 0.12067
1 57 3 5 -1283 0.14805
1 58 3 6 -1340 0.25063
1 59 3 7 -1306 0.18307
1 60 3 8 -1639 3.20952
1 61 3 9 -1543 1.41527
1 62 3 10 -1600 4952.03695
1 63 3 11 -1542 82.55254
1 64 3 12 -1600 570.98222
1 69 4 0 -1365 0.31504
1 70 4 1 -1349 0.27470
1 71 4 2 -1236 0.09394
1 72 4 3 -1408 0.46344
1 73 4 4 -1351 0.30010
1 74 4 5 -1220 0.07964
1 75 4 6 -1311 0.19315
1 76 4 7 -1455 0.74691
1 77 4 8 -1326 0.22248
1 78 4 9 -1579 1.87772
1 79 4 10 -1302 0.17734
1 80 4 11 -1324 0.21824
1 81 4 12 -1687 8.38742
1 82 4 13 -1504 502.05137
1 86 5 0 -1436 0.58785
1 87 5 1 -1223 0.08262
1 88 5 2 -1282 0.14826
1 89 5 3 -1261 0.11964
1 90 5 4 -1390 0.39378
1 91 5 5 -1310 0.19036
1 92 5 6 -1517 1.15658
1 93 5 7 -1474 0.81585
1 94 5 8 -1303 0.18058
1 95 5 9 -1497 0.97172
1 96 5 10 -1403 0.43910
1 97 5 11 -1448 0.65281
1 98 5 12 -1612 2.43541
1 99 5 13 -1549 1.47895
1 100 5 14 -1600 32209.90369
1 103 6 0 -1285 0.14930
1 104 6 1 -1195 0.06198
1 105 6 2 -1250 0.10785
1 106 6 3 -1141 0.03557
1 107 6 4 -1223 0.08227
1 108 6 5 -1317 0.20692
1 109 6 6 -1529 1.24956
1 110 6 7 -1428 0.54709
1 111 6 8 -1420 0.50770
1 112 6 9 -1389 0.38952
1 113 6 10 -1614 2.44147
1 114 6 11 -1562 1.65272
1 115 6 12 -1621 5.16760
1 116 6 13 -1664 3.55733
1 117 6 14 -1539 1.36171
1 118 6 15 -1600 466.33991
1 120 7 0 -1298 0.17082
1 121 7 1 -1318 0.20618
1 122 7 2 -1314 0.19808
1 123 7 3 -1358 0.29583
1 124 7 4 -1435 0.57915
1 125 7 5 -1353 0.28088
1 126 7 6 -1456 0.69526
1 127 7 7 -1380 0.36171
1 128 7 8 -1335 0.24119
1 129 7 9 -1313 0.19601
1 130 7 10 -1674 73.20176
1 131 7 11 -1635 99.71454
1 132 7 12 -1643 97.30317
1 133 7 13 -1699 157.82354
1 134 7 14 -1639 18.73506
1 135 7 15 0 192.68374
1 136 7 16 -1600 863.62262
1 137 8 0 -1480 0.84459
1 138 8 1 -1492 0.93206
1 139 8 2 -1405 0.44917
1 140 8 3 -1306 0.18301
1 141 8 4 -1367 0.32132
1 142 8 5 -1511 1.10973
1 143 8 6 -1298 0.17080
1 144 8 7 -1450 0.65793
1 145 8 8 -1412 0.47789
1 146 8 9 -1481 0.85855
1 147 8 10 -1393 0.40195
1 148 8 11 -1394 0.40562
1 149 8 12 -1382 0.36369
1 150 8 13 -1337 0.24694
1 151 8 14 -1322 0.21337
1 152 8 15 -1311 0.19270
1 153 8 16 -1600 4241.27055
1 162 9 8 -1507 1.05959
1 163 9 9 -1445 0.64001
1 164 9 10 -1394 0.40458
1 165 9 11 -1615 2.48126
1 166 9 12 -1383 0.36825
1 167 9 13 -1540 1.36922
1 168 9 14 -1653 19.95507
1 169 9 15 -1547 19.54835
1 170 9 16 -1600 16151.91305
1 179 10 8 -1477 0.82673
1 180 10 9 -1660 3.43241
1 181 10 10 -1484 0.87863
1 182 10 11 -1558 1.58492
1 183 10 12 -1574 1.79460
1 184 10 13 -1542 1.39551
1 185 10 14 -1458 0.70760
1 186 10 15 -1522 1.19212
1 187 10 16 -1600 5753.70675
1 196 11 8 -1613 2.43506
1 197 11 9 -1442 0.61707
1 198 11 10 -1605 2.28134
1 199 11 11 -1612 2.40252
1 200 11 12 -1525 1.22268
1 201 11 13 -1530 1.27308
1 202 11 14 -1356 0.28946
1 203 11 15 -1599 2.17985
1 204 11 16 -1600 3246.12556
1 213 12 8 -1493 0.94120
1 214 12 9 -1441 0.61164
1 215 12 10 -1419 0.51013
1 216 12 11 -1350 0.27704
1 217 12 12 -1378 0.35176
1 218 12 13 -1368 0.32306
1 219 12 14 -1469 0.77300
1 220 12 15 -1695 4.48494
1 221 12 16 -1600 56.80617
1 230 13 8 -1553 1.52608
1 231 13 9 -1498 0.98053
1 232 13 10 -1420 0.50630
1 233 13 11 -1465 0.75448
1 234 13 12 -1643 3.06643
1 235 13 13 -1424 0.53390
1 236 13 14 -1410 0.46885
1 237 13 15 -1326 0.22242
1 238 13 16 -1600 9929.09419
1 247 14 8 -1651 3.19824
1 248 14 9 -1449 0.65826
1 249 14 10 -1404 0.44626
1 250 14 11 -1416 0.49526
1 251 14 12 -1496 0.96639
1 252 14 13 -1631 2.77611
1 253 14 14 -1446 0.63925
1 254 14 15 -1538 1.36863
1 255 14 16 -1600 621.91955
1 264 15 8 -1531 1.28261
1 265 15 9 -1411 0.47352
1 266 15 10 -1458 0.70224
1 267 15 11 -1374 0.34269
1 268 15 12 -1470 0.78930
1 269 15 13 -1445 0.63146
1 270 15 14 -1503 1.02472
1 271 15 15 -1520 1.18013
1 272 15 16 -1587 84.23113
1 281 16 8 -1409 0.46600
1 282 16 9 -1630 5.51746
1 283 16 10 -1409 0.46698
1 284 16 11 -1367 0.32434
1 285 16 12 -1373 0.34179
1 286 16 13 -1286 0.15352
1 287 16 14 -1446 0.64153
1 288 16 15 -1443 0.61894
1 289 16 16 -1600 20722.64584
1 298 17 8 -1635 5.73227
1 299 17 9 -1473 0.80697
1 300 17 10 -1530 1.27733
1 301 17 11 -1442 0.61583
1 302 17 12 -1379 0.35733
1 303 17 13 -1416 0.49323
1 304 17 14 -1315 0.20083
1 305 17 15 -1279 0.14324
1 306 17 16 -1600 1046.66261
1 315 18 8 -1669 3.66358
1 316 18 9 -1582 1.90479
1 317 18 10 -1566 1.68709
1 318 18 11 -1410 0.46957
1 319 18 12 -1391 0.39895
1 320 18 13 -1551 1.50706
1 321 18 14 -1455 0.68646
1 322 18 15 -1584 1.95512
1 323 18 16 -1576 58.31027
1 332 19 8 -1457 0.69883
1 333 19 9 -1415 0.49020
1 334 19 10 -1382 0.36654
1 335 19 11 -1593 2.09846
1 336 19 12 -1243 0.10070
1 337 19 13 -1538 1.34835
1 338 19 14 -1338 0.24932
1 339 19 15 -1436 0.58672
1 340 19 16 -1284 0.20368
1 349 20 8 -1462 0.73082
1 350 20 9 -1548 1.47868
1 351 20 10 -1327 0.22120
1 352 20 11 -1182 0.05342
1 353 20 12 -1287 0.15442
1 354 20 13 -1452 0.67544
1 355 20 14 -1306 0.18388
1 356 20 15 -1577 1.85495
1 357 20 16 -1600 54.92786
1 366 21 8 -1430 0.56004
1 367 21 9 -1282 0.14543
1 368 21 10 -1497 0.97193
1 369 21 11 -1366 0.31925
1 370 21 12 -1293 0.16078
1 371 21 13 -1552 52.59762
1 372 21 14 -1403 0.44209
1 373 21 15 -1313 0.19587
1 374 21 16 -1600 71.27018
1 383 22 8 -1342 0.25607
1 384 22 9 -1244 0.10145
1 385 22 10 -1361 0.30333
1 386 22 11 -1488 0.90548
1 387 22 12 -1283 0.14860
1 388 22 13 -1313 0.19791
1 389 22 14 -1439 0.59612
1 390 22 15 -1526 1.23554
1 391 22 16 -1291 0.03491
1 400 23 8 -1517 1.15190
1 401 23 9 -1435 0.58274
1 402 23 10 -1330 0.22852
1 403 23 11 -1333 0.23620
1 404 23 12 -1147 0.03755
1 405 23 13 -1338 0.24649
1 406 23 14 -1266 0.12479
1 407 23 15 -1577 1.86201
1 408 23 16 -1424 4.06489
1 417 24 8 -1369 0.32592
1 418 24 9 -1281 0.14424
1 419 24 10 -1353 0.28318
1 420 24 11 -1531 1.38993
1 421 24 12 -1349 0.27168
1 422 24 13 -1475 0.82245
1 423 24 14 -1264 0.12241
1 424 24 15 -1384 0.37013
1 425 24 16 -1600 3742.04252
1 426 25 0 -1493 0.93949
1 427 25 1 -1635 2.88699
1 428 25 2 -1566 1.69867
1 429 25 3 -1560 1.61201
1 430 25 4 -1549 1.49184
1 431 25 5 -1449 0.65284
1 432 25 6 -1647 3.13478
1 433 25 7 -1475 0.81877
1 434 25 8 -1325 0.22122
1 435 25 9 -1482 0.86169
1 436 25 10 -1426 0.53636
1 437 25 11 -1380 0.36249
1 438 25 12 -1343 0.25787
1 439 25 13 -1219 0.07871
1 440 25 14 -1519 1.15710
1 441 25 15 -1310 0.19057
1 442 25 16 -1435 1.39249
1 443 26 0 -1561 1.63014
1 444 26 1 -1544 1.41695
1 445 26 2 -1350 0.27518
1 446 26 3 -1401 0.43678
1 447 26 4 -1351 0.27851
1 448 26 5 -1477 0.81849
1 449 26 6 -1600 76.04843
1 450 26 7 -1483 0.87464
1 451 26 8 -1360 0.30223
1 452 26 9 -1228 0.08661
1 453 26 10 -1239 0.09504
1 454 26 11 -1345 0.26140
1 455 26 12 -1356 0.29433
1 456 26 13 -1336 0.24261
1 457 26 14 -1388 0.38541
1 458 26 15 -1490 0.92101
1 459 26 16 -1600 74.22051
1 460 27 0 -1397 0.41544
1 461 27 1 -1189 0.05790
1 462 27 2 -1354 0.28512
1 463 27 3 -1406 0.44891
1 464 27 4 -1314 0.19648
1 465 27 5 -1387 0.38491
1 466 27 6 -1407 0.45876
1 467 27 7 -1383 0.37148
1 468 27 8 -1308 0.18701
1 469 27 9 -1430 0.55102
1 470 27 10 -1287 0.15554
1 471 27 11 -1217 0.07788
1 472 27 12 -1184 0.05565
1 473 27 13 -1308 0.18660
1 474 27 14 -1600 76.39322
1 475 27 15 -1462 4.57950
1 477 28 0 -1151 0.03918
1 478 28 1 -1380 0.35977
1 479 28 2 -1137 0.03366
1 480 28 3 -1269 0.12937
1 481 28 4 -1201 0.06591
1 482 28 5 -1348 0.27057
1 483 28 6 -1600 70.30844
1 484 28 7 -1157 0.04207
1 485 28 8 -1483 0.86101
1 486 28 9 -1198 0.06384
1 487 28 10 -1186 0.05613
1 488 28 11 -1187 0.05696
1 489 28 12 -1305 0.18372
1 490 28 13 -1422 0.51624
1 491 28 14 -1553 35.71144
1 494 29 0 -1419 0.51108
1 495 29 1 -1438 0.59268
1 496 29 2 -1252 0.10936
1 497 29 3 -1193 0.06091
1 498 29 4 -1346 0.26877
1 499 29 5 -1175 0.05074
1 500 29 6 -1289 0.15506
1 501 29 7 -1197 0.06371
1 502 29 8 -1314 0.19947
1 503 29 9 -1326 0.22270
1 504 29 10 -1250 0.10746
1 505 29 11 -1302 0.17814
1 506 29 12 -1376 0.34923
1 507 29 13 -1559 23.13026
1 511 30 0 -1331 0.23016
1 512 30 1 -1327 0.22144
1 513 30 2 -1166 0.04555
1 514 30 3 -1268 0.12704
1 515 30 4 -1228 0.08667
1 516 30 5 -1307 0.18449
1 517 30 6 -1224 0.08372
1 518 30 7 -1368 0.32735
1 519 30 8 -1246 0.10274
1 520 30 9 -1396 0.41648
1 521 30 10 -1196 0.06208
1 522 30 11 -1528 9.98957
1 523 30 12 -1124 0.00097
1 528 31 0 -1525 42.40089
1 529 31 1 -1219 0.07942
1 530 31 2 -1170 0.04812
1 531 31 3 -1210 0.07267
1 532 31 4 -1224 0.08350
1 533 31 5 -1328 0.22346
1 534 31 6 -1246 0.10448
1 535 31 7 -1238 0.09516
1 536 31 8 -1215 0.07579
1 537 31 9 -1324 0.21631
1 538 31 10 -1324 0.21723
1 539 31 11 -1251 0.00066
1 545 32 0 -1213 0.07485
1 546 32 1 -1271 0.13203
1 547 32 2 -1304 0.18073
1 548 32 3 -1453 0.67370
1 549 32 4 -1246 0.10304
1 550 32 5 -1221 0.08083
1 551 32 6 -1377 0.35189
1 552 32 7 -1288 0.15435
1 553 32 8 -1235 0.09243
1 554 32 9 -1210 0.07257
1 555 32 10 -1345 0.02666
1 562 33 0 -1358 0.17121
1 563 33 1 -1166 0.00038
1 564 33 2 -1342 0.23299
1 565 33 3 -1121 0.00011
1 566 33 4 -1284 0.00020
1 567 33 5 -1386 1.05266
1 568 33 6 -1353 0.78694
1 569 33 7 -1439 0.72012
1 570 33 8 -1204 0.00171
1 571 33 9 -1308 0.04200
2 1 0 0 -1600 886.22886
2 2 0 1 -1600 1274.47373
2 3 0 2 -1600 8098.85741
2 4 0 3 -1600 1781.38402
2 5 0 4 -1600 2966.95996
2 6 0 5 -1600 1155.55305
2 7 0 6 -1600 6849.35362
2 8 0 7 -1600 1637.07329
2 9 0 8 -1600 2622.16479
2 10 0 9 -1600 6452.10548
2 18 1 0 -1306 0.18319
2 19 1 1 -1212 0.07411
2 20 1 2 -1236 0.09373
2 21 1 3 -1254 0.11231
2 22 1 4 -1154 0.04043
2 23 1 5 -1435 0.58409
2 24 1 6 -1513 1.10079
2 25 1 7 -1284 0.14969
2 26 1 8 -1395 0.41353
2 27 1 9 -1391 0.39719
2 28 1 10 -1429 5.55499
2 35 2 0 -1154 0.04034
2 36 2 1 -1428 0.55061
2 37 2 2 -1622 2.60422
2 38 2 3 -1359 0.29873
2 39 2 4 -1289 0.15614
2 40 2 5 -1272 0.13287
2 41 2 6 -1493 0.94313
2 42 2 7 -1341 0.25253
2 43 2 8 -1321 0.21168
2 44 2 9 -1554 1.55692
2 45 2 10 -1673 6.28220
2 46 2 11 -1600 328.35096
2 52 3 0 -1400 0.42805
2 53 3 1 -1292 0.16010
2 54 3 2 -1225 0.08412
2 55 3 3 -1205 0.06926
2 56 3 4 -1240 0.09758
2 57 3 5 -1286 0.15173
2 58 3 6 -1420 0.51149
2 59 3 7 -1446 0.64033
2 60 3 8 -1448 0.65051
2 61 3 9 -1498 0.97682
2 62 3 10 -1639 4.01654
2 63 3 11 -1426 0.53682
2 64 3 12 -1600 40.87495
2 69 4 0 -1373 0.33890
2 70 4 1 -1397 0.42084
2 71 4 2 -1179 0.05265
2 72 4 3 -1210 0.07196
2 73 4 4 -1329 0.22819
2 74 4 5 -1233 0.09140
2 75 4 6 -1528 5.40402
2 76 4 7 -1351 0.27844
2 77 4 8 -1311 0.19226
2 78 4 9 -1397 0.41970
2 79 4 10 -1559 1.60730
2 80 4 11 -1479 0.84371
2 81 4 12 -1303 0.18143
2 82 4 13 -1600 368.88543
2 86 5 0 -1402 0.43716
2 87 5 1 -1249 0.10623
2 88 5 2 -1315 0.20163
2 89 5 3 -1458 0.70841
2 90 5 4 -1222 0.08160
2 91 5 5 -1412 0.47985
2 92 5 6 -1238 0.09587
2 93 5 7 -1402 0.43607
2 94 5 8 -1478 0.83762
2 95 5 9 -1565 1.68147
2 96 5 10 -1497 0.97731
2 97 5 11 -1293 0.16268
2 98 5 12 -1428 0.54923
2 99 5 13 -1631 9.30322
2 100 5 14 -1600 161.20321
2 103 6 0 -1406 0.45083
2 104 6 1 -1189 0.05798
2 105 6 2 -1208 0.07176
2 106 6 3 -1208 0.07114
2 107 6 4 -1214 0.08113
2 108 6 5 -1281 0.14691
2 109 6 6 -1397 0.42519
2 110 6 7 -1303 0.18025
2 111 6 8 -1266 0.12576
2 112 6 9 -1505 1.04892
2 113 6 10 -1414 0.48518
2 114 6 11 -1409 1.17523
2 115 6 12 -1206 0.07030
2 116 6 13 -1366 0.31954
2 117 6 14 -1260 0.11748
2 118 6 15 -1600 16268.59189
2 120 7 0 -1264 0.12353
2 121 7 1 -1367 0.31967
2 122 7 2 -1413 0.48264
2 123 7 3 -1163 0.04440
2 124 7 4 -1160 0.04326
2 125 7 5 -1359 0.29764
2 126 7 6 -1201 0.06591
2 127 7 7 -1393 0.40315
2 128 7 8 -1536 1.33517
2 129 7 9 -1635 2.85520
2 130 7 10 -1458 0.70918
2 131 7 11 -1398 0.42102
2 132 7 12 -1623 2.64644
2 133 7 13 -1504 1.03250
2 134 7 14 -1406 0.45035
2 135 7 15 -1636 5.77103
2 136 7 16 -1600 35831.69939
2 137 8 0 -1320 0.21033
2 138 8 1 -1640 2.94877
2 139 8 2 -1187 0.05749
2 140 8 3 -1364 0.31009
2 141 8 4 -1357 0.29456
2 142 8 5 -1492 0.93304
2 143 8 6 -1675 3.84224
2 144 8 7 -1536 10.76658
2 145 8 8 -1391 0.39695
2 146 8 9 -1528 10.06151
2 147 8 10 -1353 0.28251
2 148 8 11 -1614 2.45151
2 149 8 12 -1597 2.16114
2 150 8 13 -1329 0.22869
2 151 8 14 -1401 0.43554
2 152 8 15 -1591 2.07084
2 153 8 16 -1600 396.89614
2 162 9 8 -1576 1.82627
2 163 9 9 -1386 0.38207
2 164 9 10 -1360 0.29971
2 165 9 11 -1547 1.46305
2 166 9 12 -1596 2.14017
2 167 9 13 -1658 5.69439
2 168 9 14 -1513 1.11651
2 169 9 15 -1507 1.06225
2 170 9 16 -1576 5.68625
2 179 10 8 -1695 7.56389
2 180 10 9 -1389 0.39260
2 181 10 10 -1342 0.25769
2 182 10 11 -1361 0.30541
2 183 10 12 -1392 0.40155
2 184 10 13 -1435 0.58430
2 185 10 14 -1426 0.54016
2 186 10 15 -1452 0.67282
2 187 10 16 -1600 1870.20262
2 196 11 8 -1537 10.87203
2 197 11 9 -1549 1.48677
2 198 11 10 -1436 0.58529
2 199 11 11 -1365 0.31609
2 200 11 12 -1396 0.41428
2 201 11 13 -1216 0.07707
2 202 11 14 -1566 1.69185
2 203 11 15 -1324 0.21603
2 204 11 16 -1600 26296.43553
2 213 12 8 -1390 0.39708
2 214 12 9 -1562 1.65169
2 215 12 10 -1333 0.23564
2 216 12 11 -1425 0.53688
2 217 12 12 -1421 0.51733
2 218 12 13 -1487 0.89358
2 219 12 14 -1455 0.69140
2 220 12 15 -1600 76.22844
2 221 12 16 -1600 1361.70979
2 230 13 8 -1587 15.90466
2 231 13 9 -1671 3.74973
2 232 13 10 -1358 0.29739
2 233 13 11 -1379 0.35907
2 234 13 12 -1615 4.94444
2 235 13 13 -1328 0.22633
2 236 13 14 -1411 0.47064
2 237 13 15 -1694 6.68792
2 238 13 16 -1600 318.35965
2 247 14 8 -1688 4.21642
2 248 14 9 -1477 0.82486
2 249 14 10 -1543 1.41323
2 250 14 11 -1480 0.85351
2 251 14 12 -1466 0.75860
2 252 14 13 -1526 1.23443
2 253 14 14 -1424 0.53025
2 254 14 15 -1591 2.05245
2 255 14 16 -1600 208.18788
2 264 15 8 -1526 1.23253
2 265 15 9 -1393 0.40736
2 266 15 10 -1371 0.35991
2 267 15 11 -1414 0.48754
2 268 15 12 -1280 0.14439
2 269 15 13 -1538 1.35319
2 270 15 14 -1324 0.21844
2 271 15 15 -1387 0.38353
2 272 15 16 -1591 7.23540
2 281 16 8 -1566 1.69098
2 282 16 9 -1306 0.18345
2 283 16 10 -1474 0.80458
2 284 16 11 -1671 5.54709
2 285 16 12 -1315 0.19906
2 286 16 13 -1329 0.22646
2 287 16 14 -1544 1.42571
2 288 16 15 -1516 1.14251
2 289 16 16 -1532 5.65303
2 298 17 8 -1347 0.26655
2 299 17 9 -1356 0.29202
2 300 17 10 -1326 0.22094
2 301 17 11 -1410 0.46569
2 302 17 12 -1280 0.14461
2 303 17 13 -1396 0.41589
2 304 17 14 -1485 0.88594
2 305 17 15 -1355 0.28808
2 306 17 16 -1544 3.87591
2 315 18 8 -1417 0.50120
2 316 18 9 -1505 1.04654
2 317 18 10 -1473 0.80432
2 318 18 11 -1356 0.29189
2 319 18 12 -1224 0.08306
2 320 18 13 -1402 0.43754
2 321 18 14 -1474 0.81041
2 322 18 15 -1532 1.29441
2 323 18 16 -1600 238.68411
2 332 19 8 -1385 0.37699
2 333 19 9 -1464 0.74393
2 334 19 10 -1337 0.24397
2 335 19 11 -1361 0.30240
2 336 19 12 -1344 0.26204
2 337 19 13 -1523 1.20992
2 338 19 14 -1391 0.39798
2 339 19 15 -1416 0.49489
2 340 19 16 -1600 279.77887
2 349 20 8 -1451 0.66840
2 350 20 9 -1666 3.62397
2 351 20 10 -1313 0.19643
2 352 20 11 -1511 1.09338
2 353 20 12 -1402 0.44008
2 354 20 13 -1452 0.67092
2 355 20 14 -1293 0.16263
2 356 20 15 -1488 0.90746
2 357 20 16 -1600 237.17079
2 366 21 8 -1633 2.82302
2 367 21 9 -1369 0.32653
2 368 21 10 -1533 1.31224
2 369 21 11 -1253 0.11159
2 370 21 12 -1359 0.29736
2 371 21 13 -1464 0.74546
2 372 21 14 -1262 0.12009
2 373 21 15 -1357 0.29253
2 374 21 16 -1600 124.10062
2 383 22 8 -1415 0.49048
2 384 22 9 -1521 1.18097
2 385 22 10 -1259 0.11759
2 386 22 11 -1305 0.18283
2 387 22 12 -1344 0.25936
2 388 22 13 -1258 0.11621
2 389 22 14 -1293 0.16150
2 390 22 15 -1681 8.05629
2 391 22 16 -1538 5.19909
2 400 23 8 -1449 0.65268
2 401 23 9 -1403 0.44303
2 402 23 10 -1162 0.04416
2 403 23 11 -1417 0.50158
2 404 23 12 -1354 0.28675
2 405 23 13 -1390 0.39563
2 406 23 14 -1542 1.39279
2 407 23 15 -1383 0.36790
2 408 23 16 -1600 22.27019
2 417 24 8 -1531 1.28284
2 418 24 9 -1535 1.32210
2 419 24 10 -1289 0.15454
2 420 24 11 -1413 0.47978
2 421 24 12 -1251 0.10916
2 422 24 13 -1437 0.59312
2 423 24 14 -1243 0.10041
2 424 24 15 -1429 0.55170
2 425 24 16 -1600 1044.15416
2 426 25 0 -1567 117.50387
2 427 25 1 -1549 11.97084
2 428 25 2 -1561 111.56350
2 429 25 3 -1497 0.98024
2 430 25 4 -1615 5.32116
2 431 25 5 -1494 0.94942
2 432 25 6 -1638 2.90506
2 433 25 7 -1391 0.39776
2 434 25 8 -1294 0.16450
2 435 25 9 -1384 0.37862
2 436 25 10 -1372 0.33491
2 437 25 11 -1277 0.13934
2 438 25 12 -1263 0.12152
2 439 25 13 -1364 0.31231
2 440 25 14 -1313 0.19719
2 441 25 15 -1361 0.30452
2 442 25 16 -1600 2581.76056
2 443 26 0 -1543 1.42350
2 444 26 1 -1387 0.38251
2 445 26 2 -1344 0.25993
2 446 26 3 -1491 0.91853
2 447 26 4 -1305 0.18290
2 448 26 5 -1474 0.80806
2 449 26 6 -1297 0.16899
2 450 26 7 -1308 0.18475
2 451 26 8 -1552 1.51187
2 452 26 9 -1363 0.31077
2 453 26 10 -1319 0.20717
2 454 26 11 -1331 0.23147
2 455 26 12 -1208 0.07084
2 456 26 13 -1443 0.62559
2 457 26 14 -1348 0.27118
2 458 26 15 -1550 1.49338
2 459 26 16 -1600 698.70768
2 460 27 0 -1303 0.17913
2 461 27 1 -1463 0.74145
2 462 27 2 -1246 0.10375
2 463 27 3 -1294 0.16331
2 464 27 4 -1156 0.04136
2 465 27 5 -1351 0.27627
2 466 27 6 -1508 1.06887
2 467 27 7 -1335 0.23860
2 468 27 8 -1216 0.07629
2 469 27 9 -1180 0.05339
2 470 27 10 -1207 0.07097
2 471 27 11 -1393 0.40547
2 472 27 12 -1198 0.06395
2 473 27 13 -1321 0.21014
2 474 27 14 -949 0.00370
2 475 27 15 -1436 2.53578
2 477 28 0 -1365 0.31314
2 478 28 1 -1458 0.70763
2 479 28 2 -1224 0.08412
2 480 28 3 -1194 0.06092
2 481 28 4 -1299 0.17180
2 482 28 5 -1179 0.05238
2 483 28 6 -1210 0.07220
2 484 28 7 -1264 0.12263
2 485 28 8 -1244 0.10181
2 486 28 9 -1323 0.21568
2 487 28 10 -1256 0.11419
2 488 28 11 -1261 0.11933
2 489 28 12 -1244 0.10053
2 490 28 13 -1331 0.23393
2 491 28 14 -1401 0.84827
2 494 29 0 -1231 0.08879
2 495 29 1 -1372 0.33469
2 496 29 2 -1220 0.08032
2 497 29 3 -1323 0.21678
2 498 29 4 -1305 0.18165
2 499 29 5 -1393 0.47326
2 500 29 6 -1275 0.13866
2 501 29 7 -1294 0.16547
2 502 29 8 -1252 0.10850
2 503 29 9 -1191 0.05987
2 504 29 10 -1148 0.03830
2 505 29 11 -1371 0.33447
2 506 29 12 -1474 0.80128
2 507 29 13 -1317 0.41031
2 511 30 0 -1221 0.08131
2 512 30 1 -1414 0.48956
2 513 30 2 -1288 0.15450
2 514 30 3 -1210 0.07234
2 515 30 4 -1357 0.29384
2 516 30 5 -1308 0.18737
2 517 30 6 -1067 0.01550
2 518 30 7 -1184 0.05566
2 519 30 8 -1253 0.11104
2 520 30 9 -1184 0.05526
2 521 30 10 -1303 0.17974
2 522 30 11 -1359 0.30132
2 523 30 12 -1417 0.60170
2 528 31 0 -1263 0.12272
2 529 31 1 -1194 0.06092
2 530 31 2 -1210 0.07297
2 531 31 3 -1429 0.55321
2 532 31 4 -1170 0.04795
2 533 31 5 -1267 0.12719
2 534 31 6 -1321 0.21271
2 535 31 7 -1251 0.10832
2 536 31 8 -1245 0.10086
2 537 31 9 -1259 0.11688
2 538 31 10 -1351 0.27891
2 539 31 11 -1362 0.44516
2 545 32 0 -1133 0.03257
2 546 32 1 -1260 0.11910
2 547 32 2 -1214 0.07501
2 548 32 3 -1144 0.03653
2 549 32 4 -1377 0.35183
2 550 32 5 -1195 0.06232
2 551 32 6 -1214 0.07530
2 552 32 7 -1178 0.05198
2 553 32 8 -1510 1.08031
2 554 32 9 -1461 0.72018
2 555 32 10 -1358 0.48838
2 562 33 0 -1435 0.27428
2 563 33 1 -1376 0.31248
2 564 33 2 -1231 0.00368
2 565 33 3 -1257 0.12768
2 566 33 4 -1321 0.00724
2 567 33 5 -1274 0.01626
2 568 33 6 -1269 0.02580
2 569 33 7 -1392 0.32064
2 570 33 8 -1263 0.10215
2 571 33 9 -1434 0.01842
