3 1 0 0 5A 0.36213
3 2 0 1 6E 0.42917
3 3 0 2 42 0.29940
3 4 0 3 CA 1.14121
3 5 0 4 C8 1.26474
3 6 0 5 A2 0.51386
3 7 0 6 FD 5.43716
3 8 0 7 F6 35.79106
3 9 0 8 FC 17.71033
3 10 0 9 EA 2.93304
3 11 0 10 ED 25.68297
3 12 0 11 FD 10.74438
3 13 1 0 D7 1.33905
3 14 1 1 59 0.03943
3 15 1 2 36 0.13706
3 16 1 3 4F 0.32847
3 17 1 4 83 0.27518
3 18 1 5 AC 0.62261
3 19 1 6 CC 1.32158
3 20 1 7 E9 6.08150
3 21 1 8 ED 6.74874
3 22 1 9 F1 34.28702
3 23 1 10 FB 14.32247
3 24 1 11 E3 4.59384
3 25 2 0 2C 0.08547
3 26 2 1 2E 0.01608
3 27 2 2 14 0.21485
3 28 2 3 B1 0.84407
3 29 2 4 53 0.11610
3 30 2 5 9B 0.44024
3 31 2 6 DE 2.12657
3 32 2 7 F0 3.65249
3 33 2 8 EE 6.63676
3 34 2 9 DD 2.16769
3 35 2 10 DC 2.07959
3 36 2 11 EC 6.67117
3 37 3 0 3E 0.05066
3 38 3 1 39 0.13979
3 39 3 2 37 0.27646
3 40 3 3 7C 0.48753
3 41 3 4 6D 0.18084
3 42 3 5 9C 0.43408
3 43 3 6 97 0.41069
3 44 3 7 ED 27.07815
3 45 3 8 9E 0.46813
3 46 3 9 F6 4.38557
3 47 3 10 E5 2.59996
3 48 3 11 8B 0.37663
3 49 4 0 56 0.14622
3 50 4 1 5A 0.17379
3 51 4 2 12 0.06162
3 52 4 3 5B 0.36357
3 53 4 4 B0 0.69622
3 54 4 5 6F 0.19020
3 55 4 6 8C 0.31448
3 56 4 7 F7 9.38860
3 57 4 8 C2 1.06290
3 58 4 9 D1 1.51298
3 59 4 10 F2 6.18740
3 60 4 11 F1 9.46716
3 61 5 0 D 0.20654
3 62 5 1 9 0.01481
3 63 5 2 61 0.38744
3 64 5 3 A 0.41206
3 65 5 4 0 0.01855
3 66 5 5 3B 0.08207
3 67 5 6 51 0.11405
3 68 5 7 44 0.09306
3 69 5 8 8B 0.31828
3 70 5 9 ED 3.44737
3 71 5 10 EC 87.23073
3 72 5 11 E1 2.36379
3 73 6 0 49 0.07330
3 74 6 1 7D 0.24163
3 75 6 2 71 0.44448
3 76 6 3 1B 0.05628
3 77 6 4 33 0.03622
3 78 6 5 30 0.06886
3 79 6 6 6D 0.18536
3 80 6 7 9F 0.48406
3 81 6 8 A3 0.51337
3 82 6 9 94 0.39064
3 83 6 10 BB 0.88554
3 84 6 11 AB 0.62487
3 90 7 5 AB 0.62327
3 91 7 6 7B 0.23454
3 92 7 7 60 0.14825
3 93 7 8 A2 0.50355
3 94 7 9 9D 0.46273
3 95 7 10 EB 3.13645
3 96 7 11 D1 1.56140
3 102 8 5 9C 0.66054
3 103 8 6 F4 2.00960
3 104 8 7 E8 1.71875
3 105 8 8 86 0.53413
3 106 8 9 3A 0.28361
3 107 8 10 AF 1.25659
3 108 8 11 70 0.43730
3 114 9 5 C8 1.09981
3 115 9 6 D8 1.35421
3 116 9 7 EC 1.80058
3 117 9 8 B0 0.82876
3 118 9 9 B7 0.89985
3 119 9 10 6F 0.42934
3 120 9 11 E8 1.69570
3 126 10 5 22 0.13538
3 127 10 6 8C 0.57013
3 128 10 7 E5 3.28272
3 129 10 8 6A 0.41538
3 130 10 9 B7 0.89900
3 131 10 10 A 0.20118
3 132 10 11 D2 5.13617
3 138 11 5 30 0.13075
3 139 11 6 B0 0.83021
3 140 11 7 BC 0.94574
3 141 11 8 CE 1.19428
3 142 11 9 4C 0.32398
3 143 11 10 A6 0.73925
3 144 11 11 77 0.46600
3 150 12 5 27 0.24249
3 151 12 6 F7 17.35115
3 152 12 7 F3 3.99249
3 153 12 8 D3 20.52811
3 154 12 9 0 1383.37500
3 155 12 10 59 0.35930
3 156 12 11 D3 2.54329
3 162 13 5 D7 2.51152
3 163 13 6 E7 6.65759
3 164 13 7 F7 4.30592
3 165 13 8 FC 18.69405
3 166 13 9 1F 0.23331
3 167 13 10 40 0.03645
3 168 13 11 2D 0.25247
3 174 14 5 24 0.23850
3 175 14 6 F5 66.05307
3 176 14 7 FF 640.32891
3 177 14 8 ED 3.65048
3 178 14 9 AD 0.79749
3 179 14 10 29 0.12352
3 180 14 11 EB 7.12777
3 186 15 5 49 0.03925
3 187 15 6 F3 31.89089
3 188 15 7 8A 0.55709
3 189 15 8 A0 0.70036
3 190 15 9 2F 0.06458
3 191 15 10 E5 34.65317
3 192 15 11 DB 5.72942
3 198 16 5 EB 101.06279
3 199 16 6 FF 188.04280
3 200 16 7 EB 7.29283
3 201 16 8 B2 0.72753
3 202 16 9 D0 1.48129
3 203 16 10 0 20.00000
3 204 16 11 FA 5.46753
3 205 17 0 D3 262.71919
3 206 17 1 FF 160.00000
3 207 17 2 DE 96.74840
3 208 17 3 FD 38.88512
3 209 17 4 F4 32.80000
3 210 17 5 FF 188.04280
3 211 17 6 D3 1.60051
3 212 17 7 0 20.00000
3 213 17 8 9C 0.45181
3 214 17 9 A4 0.54279
3 215 17 10 0 50.00000
3 216 17 11 BC 0.93440
3 217 18 0 EE 129.14463
3 218 18 1 E5 426.08832
3 219 18 2 DD 1.44919
3 220 18 3 E1 25.39036
3 221 18 4 EC 103.52494
3 222 18 5 FB 40.98062
3 223 18 6 E4 2.55132
3 224 18 7 A2 0.49963
3 225 18 8 BD 0.91794
3 226 18 9 FA 21.60301
3 227 18 10 ED 3.19168
3 228 18 11 ED 3.43243
3 229 19 0 FC 20.15281
3 230 19 1 F0 14.04928
3 231 19 2 F8 2.15836
3 232 19 3 FF 160.50377
3 233 19 4 E2 2.46969
3 234 19 5 AB 0.61126
3 235 19 6 B4 0.76499
3 236 19 7 C2 1.04142
3 237 19 8 DF 2.15244
3 238 19 9 F0 8.01228
3 239 19 10 F9 77.78481
3 240 19 11 EB 18.46484
3 241 20 0 F3 60.00116
3 242 20 1 F6 42.91977
3 243 20 2 BF 0.98835
3 244 20 3 EE 11.09114
3 245 20 4 F4 4.16482
3 246 20 5 EF 68.28888
3 247 20 6 B5 0.76745
3 248 20 7 D3 1.58018
3 249 20 8 F5 4.39513
3 250 20 9 FD 5.31296
3 251 20 10 F9 9.78828
3 252 20 11 B5 0.78035
3 253 21 0 EA 46.04579
3 254 21 1 F3 26.11027
3 255 21 2 9C 0.66965
3 256 21 3 EC 14.04416
3 257 21 4 B8 0.83699
3 258 21 5 D6 1.69494
3 259 21 6 FD 5.44858
3 260 21 7 EE 19.85737
3 261 21 8 E9 6.14921
3 262 21 9 FF 187.48941
3 263 21 10 EB 25.45617
3 264 21 11 EB 6.11384
3 265 22 0 DB 89.16975
3 266 22 1 EC 168.79949
3 267 22 2 75 0.45923
3 268 22 3 F6 8.52908
3 269 22 4 AC 0.63854
3 270 22 5 BB 0.88676
3 271 22 6 F9 4.77762
3 272 22 7 F7 11.47396
3 273 22 8 F4 39.42348
3 274 22 9 F6 29.36354
3 275 22 10 F6 59.15465
3 276 22 11 BE 0.96420
3 277 23 0 F9 2.20106
3 278 23 1 D8 5.44154
3 279 23 2 AE 0.81497
3 280 23 3 DE 1.46606
3 281 23 4 BE 0.94536
3 282 23 5 20 0.05537
3 283 23 6 EA 17.92529
3 284 23 7 ED 6.59018
3 285 23 8 F4 11.75264
3 286 23 9 F5 88.31307
3 287 23 10 EB 9.80517
3 288 23 11 EA 12.55109
4 1 0 0 6F 0.43212
4 2 0 1 31 0.26172
4 3 0 2 99 0.64410
4 4 0 3 F4 2.00619
4 5 0 4 15 0.04739
4 6 0 5 A9 0.59071
4 7 0 6 F6 58.79702
4 8 0 7 FD 13.35700
4 9 0 8 ED 363.89280
4 10 0 9 FF 19.61495
4 11 0 10 F3 25.00542
4 12 0 11 EF 55.90199
4 13 1 0 68 0.40975
4 14 1 1 7E 0.49871
4 15 1 2 EB 3.65788
4 16 1 3 74 0.45104
4 17 1 4 78 0.22324
4 18 1 5 87 0.30198
4 19 1 6 B6 0.77933
4 20 1 7 DD 2.05828
4 21 1 8 EB 6.24656
4 22 1 9 F2 25.87448
4 23 1 10 E1 2.42147
4 24 1 11 F4 5.40312
4 25 2 0 55 0.04471
4 26 2 1 64 0.39435
4 27 2 2 69 0.41012
4 28 2 3 AF 0.81713
4 29 2 4 B9 0.83270
4 30 2 5 88 0.30582
4 31 2 6 BB 0.88035
4 32 2 7 F0 22.83818
4 33 2 8 F8 4.74439
4 34 2 9 FC 5.28705
4 35 2 10 E9 28.38471
4 36 2 11 F2 9.66281
4 37 3 0 56 0.35343
4 38 3 1 43 0.30349
4 39 3 2 46 0.31038
4 40 3 3 9D 0.67753
4 41 3 4 6B 0.17666
4 42 3 5 A6 0.55784
4 43 3 6 A7 0.56863
4 44 3 7 94 0.38743
4 45 3 8 BC 0.90958
4 46 3 9 DC 2.07747
4 47 3 10 EC 6.90721
4 48 3 11 FD 5.47990
4 49 4 0 8F 0.58238
4 50 4 1 2D 0.25544
4 51 4 2 B6 0.88410
4 52 4 3 72 0.44721
4 53 4 4 50 0.11509
4 54 4 5 8F 0.34456
4 55 4 6 88 0.30172
4 56 4 7 B3 0.72135
4 57 4 8 A1 0.49233
4 58 4 9 FF 186.06813
4 59 4 10 F7 22.51592
4 60 4 11 FE 5.80643
4 61 5 0 FA 35.63005
4 62 5 1 BC 0.94848
4 63 5 2 3A 0.03352
4 64 5 3 25 0.11937
4 65 5 4 8 0.04015
4 66 5 5 99 0.43011
4 67 5 6 9D 0.45693
4 68 5 7 CA 1.24071
4 69 5 8 A4 0.53290
4 70 5 9 F7 4.41706
4 71 5 10 E6 2.70514
4 72 5 11 E9 65.55075
4 73 6 0 4E 0.32471
4 74 6 1 8 0.18320
4 75 6 2 14 0.21484
4 76 6 3 21 0.03695
4 77 6 4 40 0.08791
4 78 6 5 57 0.12649
4 79 6 6 C1 1.00020
4 80 6 7 FF 188.04280
4 81 6 8 CB 1.29190
4 82 6 9 D1 1.54861
4 83 6 10 C0 1.01111
4 84 6 11 EC 3.32091
4 90 7 5 8F 0.33420
4 91 7 6 80 0.25939
4 92 7 7 DD 2.12026
4 93 7 8 B5 0.76160
4 94 7 9 D0 1.53242
4 95 7 10 D3 1.66056
4 96 7 11 ED 3.59482
4 102 8 5 FA 10.61884
4 103 8 6 BF 0.98745
4 104 8 7 E1 12.56669
4 105 8 8 C3 1.02821
4 106 8 9 7E 0.49272
4 107 8 10 8F 0.58739
4 108 8 11 FC 4.27426
4 114 9 5 AB 0.77559
4 115 9 6 D3 41.65335
4 116 9 7 FC 8.55913
4 117 9 8 E7 1.70181
4 118 9 9 FF 160.26945
4 119 9 10 53 0.34067
4 120 9 11 EE 1.87931
4 126 10 5 C5 1.06990
4 127 10 6 77 0.46647
4 128 10 7 D2 1.24321
4 129 10 8 B2 0.85091
4 130 10 9 AC 0.79018
4 131 10 10 71 0.44105
4 132 10 11 EE 3.74543
4 138 11 5 C9 1.12654
4 139 11 6 8D 0.57029
4 140 11 7 7A 0.47904
4 141 11 8 73 0.44733
4 142 11 9 F7 3.14989
4 143 11 10 D4 1.27726
4 144 11 11 B3 0.86169
4 150 12 5 FD 18.63906
4 151 12 6 DE 1.49804
4 152 12 7 BF 0.98600
4 153 12 8 DF 1.58282
4 154 12 9 A1 0.70999
4 155 12 10 A7 0.75994
4 156 12 11 F6 2.11281
4 162 13 5 C6 1.07777
4 163 13 6 7E 0.49659
4 164 13 7 D2 10.89846
4 165 13 8 D5 3.49012
4 166 13 9 D5 1.99312
4 167 13 10 BF 0.98447
4 168 13 11 BC 0.94379
4 174 14 5 EC 2.01906
4 175 14 6 E1 31.21697
4 176 14 7 F0 6.79326
4 177 14 8 A6 0.74741
4 178 14 9 F8 3.39849
4 179 14 10 80 0.50365
4 180 14 11 FB 2.76333
4 186 15 5 E3 1.57314
4 187 15 6 FE 7.59701
4 188 15 7 E3 4.18710
4 189 15 8 F4 8.15543
4 190 15 9 B3 0.85398
4 191 15 10 D2 1.22766
4 192 15 11 B3 0.85899
4 198 16 5 FF 186.06813
4 199 16 6 E0 2.24980
4 200 16 7 FF 190.58948
4 201 16 8 2F 0.00219
4 202 16 9 CE 1.42470
4 203 16 10 D5 1.67129
4 204 16 11 A6 0.55126
4 205 17 0 FF 160.00000
4 206 17 1 F0 24.62259
4 207 17 2 DF 16.39149
4 208 17 3 EC 61.37076
4 209 17 4 EF 7.06600
4 210 17 5 F7 5.70518
4 211 17 6 C7 1.19572
4 212 17 7 DA 1.89331
4 213 17 8 90 0.35344
4 214 17 9 BC 0.90139
4 215 17 10 C8 1.21318
4 216 17 11 C9 1.25325
4 217 18 0 7A 0.47894
4 218 18 1 DD 43.52914
4 219 18 2 FF 158.99904
4 220 18 3 F9 72.66208
4 221 18 4 FC 170.55475
4 222 18 5 CE 1.42453
4 223 18 6 BD 0.91751
4 224 18 7 BA 0.84013
4 225 18 8 0 200.00000
4 226 18 9 F0 19.10493
4 227 18 10 FC 84.01815
4 228 18 11 F6 5.04339
4 229 19 0 95 0.62686
4 230 19 1 D3 2.56494
4 231 19 2 D3 8.89000
4 232 19 3 FF 160.00000
4 233 19 4 BF 0.95117
4 234 19 5 A3 0.51350
4 235 19 6 0 20.00000
4 236 19 7 86 0.29121
4 237 19 8 AE 0.66926
4 238 19 9 E9 2.90484
4 239 19 10 F9 75.75507
4 240 19 11 FF 22.74293
4 241 20 0 FF 160.00000
4 242 20 1 EC 20.10438
4 243 20 2 DF 2.99030
4 244 20 3 F5 5.17701
4 245 20 4 F1 29.65080
4 246 20 5 F4 5.64727
4 247 20 6 A4 0.53290
4 248 20 7 E2 2.43201
4 249 20 8 F7 58.74089
4 250 20 9 FF 16.54391
4 251 20 10 FB 28.71302
4 252 20 11 FA 54.73710
4 253 21 0 F6 9.47682
4 254 21 1 D5 1.29868
4 255 21 2 60 0.37890
4 256 21 3 FD 5.74335
4 257 21 4 B2 0.71981
4 258 21 5 0 20.00000
4 259 21 6 FB 36.19739
4 260 21 7 F2 13.23639
4 261 21 8 F2 17.34352
4 262 21 9 F0 59.32034
4 263 21 10 FC 14.68433
4 264 21 11 F6 60.02148
4 265 22 0 EC 8.00491
4 266 22 1 EE 3.85576
4 267 22 2 DE 143.16250
4 268 22 3 C7 1.08889
4 269 22 4 B8 0.83650
4 270 22 5 A9 0.59366
4 271 22 6 E3 2.45310
4 272 22 7 FC 5.15883
4 273 22 8 BE 0.93323
4 274 22 9 FA 14.04554
4 275 22 10 F9 29.64333
4 276 22 11 F4 3.99649
4 277 23 0 B1 0.83516
4 278 23 1 AE 0.80246
4 279 23 2 E1 1.53017
4 280 23 3 84 0.52033
4 281 23 4 0 0.00114
4 282 23 5 F4 16.39627
4 283 23 6 F8 4.61665
4 284 23 7 FD 5.35093
4 285 23 8 E5 2.75284
4 286 23 9 FD 35.30575
4 287 23 10 FF 230.11200
4 288 23 11 24 0.00737
