1 1 0 0 -1400 8.49000
1 2 0 1 -1400 2.58800
1 3 0 2 -1400 13.47800
1 4 0 3 -1400 2.85400
1 5 0 4 -1400 5.00000
1 6 0 5 -1400 7.43800
1 7 0 6 -1400 2.98000
1 8 0 7 -1400 17.19000
1 9 0 8 0 10.00000
1 10 0 9 0 10.00000
1 18 1 0 -1411 0.47183
1 19 1 1 -1489 0.91698
1 20 1 2 -1434 0.57387
1 21 1 3 -1207 0.07015
1 22 1 4 -1504 1.03035
1 23 1 5 -1644 6.16539
1 24 1 6 -1551 1.50308
1 25 1 7 -1400 0.86016
1 26 1 8 -1400 7.38200
1 27 1 9 -1400 1.93648
1 28 1 10 0 10.00000
1 35 2 0 -1280 0.14450
1 36 2 1 -1343 0.25678
1 37 2 2 -1379 0.35720
1 38 2 3 -1290 0.15893
1 39 2 4 -1475 0.81503
1 40 2 5 -1422 0.51962
1 41 2 6 -1314 0.19906
1 42 2 7 -1482 0.86651
1 43 2 8 -1400 0.45458
1 44 2 9 -1400 0.66932
1 45 2 10 -1400 0.86200
1 46 2 11 -1400 3.82200
1 52 3 0 -1485 0.88162
1 53 3 1 -1245 0.10249
1 54 3 2 -1230 0.08789
1 55 3 3 -1370 0.33058
1 56 3 4 -1292 0.16243
1 57 3 5 -1372 0.33570
1 58 3 6 -1372 0.33360
1 59 3 7 -1365 0.31515
1 60 3 8 -1647 3.40000
1 61 3 9 -1593 2.09376
1 62 3 10 -1400 12.32600
1 63 3 11 -1400 7.30200
1 64 3 12 -1400 0.86016
1 69 4 0 -1407 0.45536
1 70 4 1 -1399 0.42731
1 71 4 2 -1294 0.16463
1 72 4 3 -1468 0.77023
1 73 4 4 -1586 2.14500
1 74 4 5 -1229 0.08698
1 75 4 6 -1350 0.27738
1 76 4 7 -1378 0.38500
1 77 4 8 -1386 0.38200
1 78 4 9 -1566 1.69400
1 79 4 10 -1237 0.09500
1 80 4 11 -1290 0.15800
1 81 4 12 -1692 4.37300
1 82 4 13 -1400 12.97000
1 86 5 0 -1499 0.98762
1 87 5 1 -1244 0.10166
1 88 5 2 -1315 0.20076
1 89 5 3 -1300 0.17428
1 90 5 4 -1437 0.58968
1 91 5 5 -1371 0.33220
1 92 5 6 -1556 1.57453
1 93 5 7 -1522 1.19956
1 94 5 8 -1337 0.24600
1 95 5 9 -1523 1.20900
1 96 5 10 -1465 0.74700
1 97 5 11 -1578 1.86600
1 98 5 12 -1650 3.21900
1 99 5 13 -1438 0.59600
1 100 5 14 -1400 20.65400
1 103 6 0 -1318 0.20386
1 104 6 1 -1216 0.07652
1 105 6 2 -1272 0.13378
1 106 6 3 -1181 0.05387
1 107 6 4 -1253 0.11088
1 108 6 5 -1350 0.27685
1 109 6 6 -1594 2.09658
1 110 6 7 -1499 0.99404
1 111 6 8 -1463 0.73400
1 112 6 9 -1393 0.40400
1 113 6 10 -1646 3.10900
1 114 6 11 -1622 2.60900
1 115 6 12 -1622 2.60800
1 116 6 13 -1526 1.23400
1 117 6 14 -1475 0.81200
1 118 6 15 -1400 4.81200
1 120 7 0 -1283 0.14780
1 121 7 1 -1294 0.16368
1 122 7 2 -1336 0.24221
1 123 7 3 -1381 0.36366
1 124 7 4 -1406 0.45375
1 125 7 5 -1389 0.38952
1 126 7 6 -1448 0.65260
1 127 7 7 -1390 0.39406
1 128 7 8 -1344 0.26095
1 129 7 9 -1356 0.29127
1 130 7 10 -1800 44.34890
1 131 7 11 -1800 80.47341
1 132 7 12 -1673 7.60032
1 133 7 13 -1800 80.47341
1 134 7 14 -1698 14.34475
1 135 7 15 -1800 20.11835
1 136 7 16 -1400 0.86016
1 137 8 0 -1470 0.77867
1 138 8 1 -1474 0.80311
1 139 8 2 -1412 0.47736
1 140 8 3 -1338 0.24691
1 141 8 4 -1365 0.31456
1 142 8 5 -1504 1.04038
1 143 8 6 -1437 0.59431
1 144 8 7 -1428 0.54925
1 145 8 8 -1442 0.61598
1 146 8 9 -1525 1.22464
1 147 8 10 -1464 0.74239
1 148 8 11 -1383 0.37087
1 149 8 12 -1385 0.37658
1 150 8 13 -1469 0.77826
1 151 8 14 -1430 0.55528
1 152 8 15 -1423 0.52432
1 153 8 16 -1400 12.28200
1 162 9 8 -1532 1.30062
1 163 9 9 -1458 0.70822
1 164 9 10 -1454 0.68121
1 165 9 11 -1663 3.54221
1 166 9 12 -1439 0.60203
1 167 9 13 -1553 1.52494
1 168 9 14 -1700 28.20200
1 169 9 15 -1700 15.44800
1 170 9 16 -1400 13.28600
1 179 10 8 -1506 1.05187
1 180 10 9 -1608 4.66631
1 181 10 10 -1524 1.22044
1 182 10 11 -1567 1.70345
1 183 10 12 -1697 4.50431
1 184 10 13 -1589 2.01996
1 185 10 14 -1482 0.86464
1 186 10 15 -1595 2.11240
1 187 10 16 -1400 20.40200
1 196 11 8 -1660 3.45538
1 197 11 9 -1439 0.59858
1 198 11 10 -1624 5.27077
1 199 11 11 -1648 3.16160
1 200 11 12 -1634 2.85380
1 201 11 13 -1595 2.12285
1 202 11 14 -1371 0.33359
1 203 11 15 -1648 3.16094
1 204 11 16 -1400 18.13400
1 213 12 8 -1516 1.14232
1 214 12 9 -1478 0.83595
1 215 12 10 -1469 0.77685
1 216 12 11 -1376 0.34958
1 217 12 12 -1425 0.53096
1 218 12 13 -1432 0.56598
1 219 12 14 -1572 1.77606
1 220 12 15 -1642 3.02568
1 221 12 16 -1400 1.89400
1 230 13 8 -1545 1.43644
1 231 13 9 -1524 1.20964
1 232 13 10 -1528 1.24858
1 233 13 11 -1534 1.31622
1 234 13 12 -1635 5.76752
1 235 13 13 -1501 1.01310
1 236 13 14 -1485 0.88652
1 237 13 15 -1420 0.51075
1 238 13 16 -1400 14.73200
1 247 14 8 -1644 3.05557
1 248 14 9 -1465 0.74778
1 249 14 10 -1451 0.67032
1 250 14 11 -1456 0.69240
1 251 14 12 -1540 1.38510
1 252 14 13 -1649 3.18622
1 253 14 14 -1491 0.92941
1 254 14 15 -1585 1.97054
1 255 14 16 -1400 7.06200
1 264 15 8 -1553 1.52467
1 265 15 9 -1448 0.64984
1 266 15 10 -1521 1.18550
1 267 15 11 -1425 0.53435
1 268 15 12 -1537 1.35136
1 269 15 13 -1504 1.03380
1 270 15 14 -1573 1.77707
1 271 15 15 -1576 1.83037
1 272 15 16 -1400 3.96000
1 281 16 8 -1428 0.54823
1 282 16 9 -1678 7.89618
1 283 16 10 -1461 0.72677
1 284 16 11 -1425 0.53714
1 285 16 12 -1429 0.55419
1 286 16 13 -1354 0.28713
1 287 16 14 -1500 1.00251
1 288 16 15 -1558 1.58829
1 289 16 16 -1400 19.94800
1 298 17 8 -1671 3.72768
1 299 17 9 -1506 1.05490
1 300 17 10 -1586 1.98829
1 301 17 11 -1492 0.93415
1 302 17 12 -1442 0.61382
1 303 17 13 -1397 0.41897
1 304 17 14 -1394 0.40747
1 305 17 15 -1422 0.52119
1 306 17 16 -1400 0.86016
1 315 18 8 -1666 3.60422
1 316 18 9 -1486 0.88946
1 317 18 10 -1627 2.69654
1 318 18 11 -1425 0.53510
1 319 18 12 -1426 0.53755
1 320 18 13 -1587 1.99544
1 321 18 14 -1429 0.55305
1 322 18 15 -1636 2.90717
1 323 18 16 -1400 4.18000
1 332 19 8 -1474 0.80688
1 333 19 9 -1418 0.50343
1 334 19 10 -1418 0.50096
1 335 19 11 -1623 2.63734
1 336 19 12 -1264 0.12405
1 337 19 13 -1603 2.24782
1 338 19 14 -1415 0.49253
1 339 19 15 -1466 0.75386
1 340 19 16 -1400 0.63178
1 349 20 8 -1482 0.86912
1 350 20 9 -1600 2.20348
1 351 20 10 -1351 0.27659
1 352 20 11 -1259 0.11662
1 353 20 12 -1328 0.22599
1 354 20 13 -1490 0.92851
1 355 20 14 -1304 0.18136
1 356 20 15 -1635 2.86606
1 357 20 16 -1400 2.86200
1 366 21 8 -1436 0.58976
1 367 21 9 -1306 0.18355
1 368 21 10 -1568 1.71218
1 369 21 11 -1396 0.41748
1 370 21 12 -1323 0.21460
1 371 21 13 -1700 10.00000
1 372 21 14 -1439 0.60058
1 373 21 15 -1491 0.92447
1 374 21 16 -1400 6.02000
1 383 22 8 -1389 0.39059
1 384 22 9 -1282 0.14714
1 385 22 10 -1417 0.49846
1 386 22 11 -1533 1.29870
1 387 22 12 -1329 0.22750
1 388 22 13 -1347 0.27041
1 389 22 14 -1508 1.06368
1 390 22 15 -1520 1.17609
1 391 22 16 -1400 0.13907
1 400 23 8 -1520 1.17510
1 401 23 9 -1457 0.70200
1 402 23 10 -1366 0.31797
1 403 23 11 -1374 0.34210
1 404 23 12 -1157 0.04190
1 405 23 13 -1418 0.50375
1 406 23 14 -1314 0.19681
1 407 23 15 -1612 2.42445
1 408 23 16 -1400 1.76418
1 417 24 8 -1429 0.55559
1 418 24 9 -1263 0.12234
1 419 24 10 -1413 0.48162
1 420 24 11 -1608 2.54000
1 421 24 12 -1406 0.45240
1 422 24 13 -1546 1.45718
1 423 24 14 -1337 0.24420
1 424 24 15 -1468 0.76194
1 425 24 16 -1400 20.64200
1 426 25 0 -1500 0.99546
1 427 25 1 -1551 1.50590
1 428 25 2 -1565 1.68650
1 429 25 3 -1551 1.50690
1 430 25 4 -1563 1.65272
1 431 25 5 -1472 0.79116
1 432 25 6 -1616 2.48227
1 433 25 7 -1530 1.27285
1 434 25 8 -1370 0.33151
1 435 25 9 -1524 1.21281
1 436 25 10 -1442 0.61650
1 437 25 11 -1400 0.43216
1 438 25 12 -1410 0.46656
1 439 25 13 -1265 0.12470
1 440 25 14 -1578 1.85409
1 441 25 15 -1361 0.30486
1 442 25 16 -1400 0.99330
1 443 26 0 -1490 0.92140
1 444 26 1 -1606 2.28894
1 445 26 2 -1423 0.52526
1 446 26 3 -1475 0.81774
1 447 26 4 -1342 0.25567
1 448 26 5 -1483 0.86501
1 449 26 6 -1700 10.00000
1 450 26 7 -1503 1.02527
1 451 26 8 -1371 0.33372
1 452 26 9 -1262 0.12120
1 453 26 10 -1269 0.12877
1 454 26 11 -1394 0.40771
1 455 26 12 -1409 0.46816
1 456 26 13 -1364 0.31327
1 457 26 14 -1405 0.44870
1 458 26 15 -1442 0.61486
1 459 26 16 -1400 3.57000
1 460 27 0 -1470 0.77691
1 461 27 1 -1236 0.09356
1 462 27 2 -1363 0.31074
1 463 27 3 -1524 1.21008
1 464 27 4 -1334 0.23759
1 465 27 5 -1434 0.57661
1 466 27 6 -1440 0.60710
1 467 27 7 -1408 0.46162
1 468 27 8 -1347 0.26822
1 469 27 9 -1489 0.90935
1 470 27 10 -1355 0.28891
1 471 27 11 -1225 0.08353
1 472 27 12 -1245 0.10250
1 473 27 13 -1298 0.17014
1 474 27 14 -1700 10.00000
1 475 27 15 -1400 2.08369
1 477 28 0 -1166 0.04595
1 478 28 1 -1412 0.47704
1 479 28 2 -1182 0.05424
1 480 28 3 -1313 0.19686
1 481 28 4 -1269 0.12870
1 482 28 5 -1403 0.44170
1 483 28 6 -1672 7.52800
1 484 28 7 -1164 0.04487
1 485 28 8 -1544 1.41973
1 486 28 9 -1209 0.07140
1 487 28 10 -1213 0.07428
1 488 28 11 -1282 0.14670
1 489 28 12 -1361 0.30518
1 490 28 13 -1502 1.01420
1 491 28 14 -1400 5.15600
1 494 29 0 -1395 0.41180
1 495 29 1 -1468 0.76431
1 496 29 2 -1270 0.12993
1 497 29 3 -1229 0.08818
1 498 29 4 -1384 0.37553
1 499 29 5 -1202 0.06663
1 500 29 6 -1303 0.17820
1 501 29 7 -1210 0.07238
1 502 29 8 -1360 0.30315
1 503 29 9 -1370 0.32983
1 504 29 10 -1214 0.07477
1 505 29 11 -1340 0.25232
1 506 29 12 -1402 0.43780
1 507 29 13 -1400 3.06000
1 511 30 0 -1316 0.20063
1 512 30 1 -1368 0.32300
1 513 30 2 -1201 0.06571
1 514 30 3 -1345 0.26325
1 515 30 4 -1268 0.12733
1 516 30 5 -1312 0.19418
1 517 30 6 -1293 0.16240
1 518 30 7 -1378 0.35511
1 519 30 8 -1312 0.19431
1 520 30 9 -1474 0.80862
1 521 30 10 -1255 0.11271
1 522 30 11 -1515 1.13250
1 523 30 12 -1400 0.07661
1 528 31 0 -1700 10.00000
1 529 31 1 -1253 0.11102
1 530 31 2 -1226 0.08491
1 531 31 3 -1231 0.08937
1 532 31 4 -1238 0.09555
1 533 31 5 -1352 0.27942
1 534 31 6 -1319 0.20831
1 535 31 7 -1288 0.15470
1 536 31 8 -1228 0.08672
1 537 31 9 -1418 0.50124
1 538 31 10 -1377 0.35221
1 539 31 11 -1400 0.01495
1 545 32 0 -1224 0.08356
1 546 32 1 -1364 0.31302
1 547 32 2 -1367 0.32078
1 548 32 3 -1481 0.85916
1 549 32 4 -1182 0.05428
1 550 32 5 -1227 0.08624
1 551 32 6 -1444 0.62969
1 552 32 7 -1274 0.13538
1 553 32 8 -1248 0.10523
1 554 32 9 -1323 0.21582
1 555 32 10 -1400 0.12895
1 562 33 0 -1400 0.32536
1 563 33 1 -1400 0.01851
1 564 33 2 -1400 0.43432
1 565 33 3 -1400 0.00987
1 566 33 4 -1400 0.00964
1 567 33 5 -1400 1.07125
1 568 33 6 -1400 0.91828
1 569 33 7 -1400 0.52223
1 570 33 8 -1400 0.03612
1 571 33 9 -1400 0.15734
2 1 0 0 -1400 9.03400
2 2 0 1 -1400 8.25200
2 3 0 2 -1400 16.04400
2 4 0 3 -1400 6.35400
2 5 0 4 -1400 9.24000
2 6 0 5 -1400 9.07600
2 7 0 6 -1400 15.97000
2 8 0 7 -1400 12.26400
2 9 0 8 -1400 9.99400
2 10 0 9 -1400 18.46600
2 18 1 0 -1382 0.36600
2 19 1 1 -1294 0.16400
2 20 1 2 -1330 0.23000
2 21 1 3 -1379 0.35600
2 22 1 4 -1403 0.44200
2 23 1 5 -1462 0.72841
2 24 1 6 -1604 2.25612
2 25 1 7 -1395 0.41242
2 26 1 8 -1535 1.32149
2 27 1 9 -1495 0.95911
2 28 1 10 -1400 2.02200
2 35 2 0 -1357 0.29300
2 36 2 1 -1497 0.97600
2 37 2 2 -1526 1.23300
2 38 2 3 -1454 0.68600
2 39 2 4 -1332 0.23400
2 40 2 5 -1364 0.31200
2 41 2 6 -1571 1.76200
2 42 2 7 -1462 0.73000
2 43 2 8 -1416 0.49600
2 44 2 9 -1639 2.96700
2 45 2 10 -1700 7.68300
2 46 2 11 -1400 6.24800
2 52 3 0 -1459 0.71342
2 53 3 1 -1330 0.22900
2 54 3 2 -1418 0.50200
2 55 3 3 -1342 0.25700
2 56 3 4 -1326 0.22200
2 57 3 5 -1366 0.31900
2 58 3 6 -1505 1.04200
2 59 3 7 -1564 1.67118
2 60 3 8 -1548 1.46967
2 61 3 9 -1641 2.99801
2 62 3 10 -1700 6.27000
2 63 3 11 -1492 0.93500
2 64 3 12 -1400 0.68000
2 69 4 0 -1463 0.73720
2 70 4 1 -1385 0.37720
2 71 4 2 -1222 0.08203
2 72 4 3 -1257 0.11546
2 73 4 4 -1374 0.34247
2 74 4 5 -1300 0.17375
2 75 4 6 -1604 9.82000
2 76 4 7 -1482 0.86200
2 77 4 8 -1451 0.66700
2 78 4 9 -1502 1.02000
2 79 4 10 -1637 2.91600
2 80 4 11 -1499 0.99322
2 81 4 12 -1456 0.69933
2 82 4 13 -1400 5.43200
2 86 5 0 -1404 0.44723
2 87 5 1 -1268 0.12822
2 88 5 2 -1640 5.95164
2 89 5 3 -1504 1.03044
2 90 5 4 -1237 0.09512
2 91 5 5 -1468 0.76560
2 92 5 6 -1237 0.09435
2 93 5 7 -1455 0.68915
2 94 5 8 -1515 1.12668
2 95 5 9 -1601 2.22012
2 96 5 10 -1593 2.08815
2 97 5 11 -1408 0.46053
2 98 5 12 -1488 0.90829
2 99 5 13 -1700 15.42800
2 100 5 14 -1400 5.64800
2 103 6 0 -1443 0.62163
2 104 6 1 -1261 0.11965
2 105 6 2 -1281 0.14602
2 106 6 3 -1314 0.19880
2 107 6 4 -1700 10.00000
2 108 6 5 -1293 0.16361
2 109 6 6 -1412 0.48000
2 110 6 7 -1347 0.26903
2 111 6 8 -1309 0.18816
2 112 6 9 -1516 1.14068
2 113 6 10 -1504 1.03353
2 114 6 11 -1654 8.39553
2 115 6 12 -1323 0.21639
2 116 6 13 -1502 1.01705
2 117 6 14 -1325 0.21783
2 118 6 15 -1400 27.12200
2 120 7 0 -1255 0.11290
2 121 7 1 -1314 0.19862
2 122 7 2 -1430 0.55664
2 123 7 3 -1188 0.05782
2 124 7 4 -1161 0.04342
2 125 7 5 -1426 0.53888
2 126 7 6 -1308 0.18800
2 127 7 7 -1453 0.67900
2 128 7 8 -1645 3.09900
2 129 7 9 -1686 4.16683
2 130 7 10 -1525 1.22229
2 131 7 11 -1455 0.68850
2 132 7 12 -1627 5.42991
2 133 7 13 -1680 4.00706
2 134 7 14 -1542 1.39870
2 135 7 15 -1607 4.62746
2 136 7 16 -1400 22.11600
2 137 8 0 -1313 0.19700
2 138 8 1 -1601 2.21200
2 139 8 2 -1295 0.16600
2 140 8 3 -1383 0.37000
2 141 8 4 -1397 0.41800
2 142 8 5 -1501 1.01100
2 143 8 6 -1583 1.92900
2 144 8 7 -1682 4.07000
2 145 8 8 -1428 0.54600
2 146 8 9 -1687 4.21300
2 147 8 10 -1448 0.65100
2 148 8 11 -1536 1.33400
2 149 8 12 -1659 3.43700
2 150 8 13 -1457 0.70300
2 151 8 14 -1543 1.41500
2 152 8 15 -1646 3.12500
2 153 8 16 -1400 6.58400
2 162 9 8 -1591 2.05700
2 163 9 9 -1471 0.79000
2 164 9 10 -1380 0.36000
2 165 9 11 -1581 1.90300
2 166 9 12 -1634 2.85000
2 167 9 13 -1700 7.73400
2 168 9 14 -1565 1.68100
2 169 9 15 -1614 2.45300
2 170 9 16 -1400 1.33100
2 179 10 8 -1700 15.66000
2 180 10 9 -1441 0.61612
2 181 10 10 -1401 0.43497
2 182 10 11 -1365 0.31490
2 183 10 12 -1432 0.57144
2 184 10 13 -1509 1.08123
2 185 10 14 -1505 1.04181
2 186 10 15 -1592 2.06776
2 187 10 16 -1400 11.22300
2 196 11 8 -1638 5.90018
2 197 11 9 -1607 2.33333
2 198 11 10 -1464 0.74210
2 199 11 11 -1441 0.61131
2 200 11 12 -1454 0.68277
2 201 11 13 -1347 0.26877
2 202 11 14 -1653 3.29150
2 203 11 15 -1412 0.47853
2 204 11 16 -1400 19.50400
2 213 12 8 -1454 0.68600
2 214 12 9 -1575 1.82000
2 215 12 10 -1414 0.48600
2 216 12 11 -1554 1.54364
2 217 12 12 -1460 0.71530
2 218 12 13 -1583 1.92840
2 219 12 14 -1505 1.04173
2 220 12 15 -1700 10.00000
2 221 12 16 -1400 10.16800
2 230 13 8 -1642 3.02100
2 231 13 9 -1656 3.34400
2 232 13 10 -1394 0.40975
2 233 13 11 -1451 0.66800
2 234 13 12 -1621 2.57600
2 235 13 13 -1426 0.53900
2 236 13 14 -1471 0.78500
2 237 13 15 -1700 7.00700
2 238 13 16 -1400 7.57600
2 247 14 8 -1642 3.01200
2 248 14 9 -1479 0.84435
2 249 14 10 -1582 1.92300
2 250 14 11 -1529 1.26800
2 251 14 12 -1523 1.20800
2 252 14 13 -1614 2.45600
2 253 14 14 -1537 1.35200
2 254 14 15 -1645 3.08900
2 255 14 16 -1400 4.74400
2 264 15 8 -1537 1.34611
2 265 15 9 -1438 0.59800
2 266 15 10 -1700 5.00000
2 267 15 11 -1500 1.00400
2 268 15 12 -1435 0.58300
2 269 15 13 -1578 1.86200
2 270 15 14 -1389 0.39125
2 271 15 15 -1477 0.83000
2 272 15 16 -1400 1.51500
2 281 16 8 -1559 1.59800
2 282 16 9 -1370 0.32900
2 283 16 10 -1547 1.46300
2 284 16 11 -1700 6.85400
2 285 16 12 -1390 0.39300
2 286 16 13 -1403 0.44000
2 287 16 14 -1609 2.36200
2 288 16 15 -1611 2.40100
2 289 16 16 -1400 1.89100
2 298 17 8 -1386 0.37900
2 299 17 9 -1408 0.46200
2 300 17 10 -1400 0.43100
2 301 17 11 -1460 0.71600
2 302 17 12 -1436 0.58900
2 303 17 13 -1512 1.10300
2 304 17 14 -1561 1.63100
2 305 17 15 -1483 0.87200
2 306 17 16 -1400 1.17600
2 315 18 8 -1449 0.65700
2 316 18 9 -1480 0.85200
2 317 18 10 -1519 1.17000
2 318 18 11 -1414 0.48500
2 319 18 12 -1300 0.17300
2 320 18 13 -1442 0.61800
2 321 18 14 -1550 1.49800
2 322 18 15 -1610 2.37900
2 323 18 16 -1400 8.76900
2 332 19 8 -1376 0.34700
2 333 19 9 -1482 0.86000
2 334 19 10 -1395 0.41000
2 335 19 11 -1428 0.54700
2 336 19 12 -1429 0.55400
2 337 19 13 -1540 1.38200
2 338 19 14 -1453 0.67800
2 339 19 15 -1519 1.16500
2 340 19 16 -1400 7.27800
2 349 20 8 -1476 0.82200
2 350 20 9 -1550 1.49900
2 351 20 10 -1385 0.37800
2 352 20 11 -1545 1.43900
2 353 20 12 -1475 0.81400
2 354 20 13 -1521 1.18200
2 355 20 14 -1380 0.36100
2 356 20 15 -1554 1.53800
2 357 20 16 -1400 8.14400
2 366 21 8 -1666 3.60700
2 367 21 9 -1426 0.53800
2 368 21 10 -1562 1.64300
2 369 21 11 -1274 0.13600
2 370 21 12 -1445 0.63100
2 371 21 13 -1527 1.24100
2 372 21 14 -1462 0.72800
2 373 21 15 -1443 0.62000
2 374 21 16 -1400 6.21900
2 383 22 8 -1453 0.67500
2 384 22 9 -1563 1.65000
2 385 22 10 -1399 0.42700
2 386 22 11 -1380 0.36200
2 387 22 12 -1412 0.47700
2 388 22 13 -1358 0.29600
2 389 22 14 -1393 0.40300
2 390 22 15 -1671 3.74000
2 391 22 16 -1400 1.64200
2 400 23 8 -1438 0.59683
2 401 23 9 -1433 0.57389
2 402 23 10 -1187 0.05741
2 403 23 11 -1458 0.70755
2 404 23 12 -1459 0.71200
2 405 23 13 -1484 0.87800
2 406 23 14 -1614 2.44600
2 407 23 15 -1480 0.84700
2 408 23 16 -1400 3.29200
2 417 24 8 -1595 2.12771
2 418 24 9 -1539 1.36422
2 419 24 10 -1354 0.28493
2 420 24 11 -1501 1.01000
2 421 24 12 -1353 0.28300
2 422 24 13 -1515 1.13300
2 423 24 14 -1365 0.31500
2 424 24 15 -1499 0.99190
2 425 24 16 -1400 7.51400
2 426 25 0 -1700 40.00000
2 427 25 1 -1700 4.68600
2 428 25 2 -1700 19.76200
2 429 25 3 -1482 0.86500
2 430 25 4 -1686 9.06500
2 431 25 5 -1550 1.49244
2 432 25 6 -1633 2.80786
2 433 25 7 -1419 0.50779
2 434 25 8 -1366 0.31716
2 435 25 9 -1406 0.45584
2 436 25 10 -1435 0.58100
2 437 25 11 -1426 0.53800
2 438 25 12 -1386 0.38000
2 439 25 13 -1466 0.75800
2 440 25 14 -1411 0.47400
2 441 25 15 -1447 0.64200
2 442 25 16 -1400 12.10800
2 443 26 0 -1359 0.30000
2 444 26 1 -1371 0.33300
2 445 26 2 -1363 0.30900
2 446 26 3 -1405 0.44663
2 447 26 4 -1358 0.29778
2 448 26 5 -1477 0.83231
2 449 26 6 -1294 0.16481
2 450 26 7 -1335 0.23883
2 451 26 8 -1533 1.30000
2 452 26 9 -1427 0.54500
2 453 26 10 -1408 0.46100
2 454 26 11 -1421 0.51600
2 455 26 12 -1424 0.52800
2 456 26 13 -1510 1.09127
2 457 26 14 -1424 0.52980
2 458 26 15 -1518 1.16196
2 459 26 16 -1400 5.58400
2 460 27 0 -1386 0.37918
2 461 27 1 -1484 0.88305
2 462 27 2 -1282 0.14645
2 463 27 3 -1240 0.09734
2 464 27 4 -1273 0.13500
2 465 27 5 -1320 0.20900
2 466 27 6 -1596 2.13500
2 467 27 7 -1363 0.31000
2 468 27 8 -1266 0.12600
2 469 27 9 -1235 0.09256
2 470 27 10 -1247 0.10500
2 471 27 11 -1479 0.84118
2 472 27 12 -1235 0.09309
2 473 27 13 -1334 0.23708
2 474 27 14 -1305 0.18200
2 475 27 15 -1400 1.85200
2 477 28 0 -1374 0.34110
2 478 28 1 -1500 1.00488
2 479 28 2 -1109 0.02487
2 480 28 3 -1121 0.02820
2 481 28 4 -1251 0.10822
2 482 28 5 -1162 0.04395
2 483 28 6 -1277 0.13864
2 484 28 7 -1271 0.13182
2 485 28 8 -1333 0.23757
2 486 28 9 -1415 0.49000
2 487 28 10 -1408 0.46200
2 488 28 11 -1336 0.24200
2 489 28 12 -1342 0.25600
2 490 28 13 -1376 0.34800
2 491 28 14 -1400 0.73710
2 494 29 0 -1215 0.07568
2 495 29 1 -1446 0.63522
2 496 29 2 -1225 0.08456
2 497 29 3 -1294 0.16434
2 498 29 4 -1182 0.05419
2 499 29 5 -1312 0.22718
2 500 29 6 -1434 0.57652
2 501 29 7 -1527 1.24656
2 502 29 8 -1286 0.15230
2 503 29 9 -1278 0.14060
2 504 29 10 -1202 0.06653
2 505 29 11 -1411 0.47296
2 506 29 12 -1381 0.36422
2 507 29 13 -1400 1.26396
2 511 30 0 -1355 0.28900
2 512 30 1 -1409 0.46700
2 513 30 2 -1348 0.27019
2 514 30 3 -1240 0.09701
2 515 30 4 -1385 0.37446
2 516 30 5 -1270 0.12993
2 517 30 6 -1387 0.38300
2 518 30 7 -1279 0.14300
2 519 30 8 -1303 0.17900
2 520 30 9 -1378 0.35400
2 521 30 10 -1357 0.29300
2 522 30 11 -1456 0.69600
2 523 30 12 -1400 0.52064
2 528 31 0 -1282 0.14668
2 529 31 1 -1222 0.08132
2 530 31 2 -1232 0.09013
2 531 31 3 -1448 0.65073
2 532 31 4 -1226 0.08475
2 533 31 5 -1323 0.21613
2 534 31 6 -1349 0.27386
2 535 31 7 -1198 0.06388
2 536 31 8 -1280 0.14276
2 537 31 9 -1359 0.29800
2 538 31 10 -1442 0.61700
2 539 31 11 -1400 0.62500
2 545 32 0 -1171 0.04836
2 546 32 1 -1319 0.20637
2 547 32 2 -1241 0.09894
2 548 32 3 -1277 0.13959
2 549 32 4 -1390 0.39371
2 550 32 5 -1242 0.09975
2 551 32 6 -1200 0.06549
2 552 32 7 -1167 0.04627
2 553 32 8 -1387 0.38246
2 554 32 9 -1310 0.19044
2 555 32 10 -1400 0.52322
2 562 33 0 -1400 0.25783
2 563 33 1 -1400 0.46525
2 564 33 2 -1400 0.04130
2 565 33 3 -1400 0.90821
2 566 33 4 -1400 0.04799
2 567 33 5 -1400 0.10241
2 568 33 6 -1400 0.14363
2 569 33 7 -1400 0.33782
2 570 33 8 -1400 0.72730
2 571 33 9 -1400 0.04512
