3 1 0 0 81 0.50862
3 2 0 1 8E 0.57591
3 3 0 2 5C 0.36765
3 4 0 3 BA 0.92827
3 5 0 4 BF 0.99145
3 6 0 5 BE 0.95532
3 7 0 6 EB 6.19733
3 8 0 7 FF 11.75267
3 9 0 8 FF 20.00000
3 10 0 9 FD 5.32656
3 11 0 10 FF 23.04400
3 12 0 11 FF 22.81600
3 13 1 0 77 0.46292
3 14 1 1 4C 0.14108
3 15 1 2 6D 0.42727
3 16 1 3 73 0.44784
3 17 1 4 89 0.30465
3 18 1 5 B5 0.77782
3 19 1 6 DB 1.97750
3 20 1 7 FE 5.75900
3 21 1 8 F8 4.71706
3 22 1 9 FF 26.56000
3 23 1 10 FF 16.65000
3 24 1 11 FF 21.86400
3 25 2 0 3A 0.09400
3 26 2 1 48 0.31228
3 27 2 2 89 0.54991
3 28 2 3 AF 0.82281
3 29 2 4 5C 0.13750
3 30 2 5 A1 0.50470
3 31 2 6 E5 2.62704
3 32 2 7 EC 3.24800
3 33 2 8 F2 7.63739
3 34 2 9 F8 4.71868
3 35 2 10 FA 9.94700
3 36 2 11 FF 11.81710
3 37 3 0 1C 0.15960
3 38 3 1 69 0.41147
3 39 3 2 69 0.41285
3 40 3 3 72 0.44614
3 41 3 4 6E 0.18590
3 42 3 5 96 0.38798
3 43 3 6 93 0.37523
3 44 3 7 FF 11.75267
3 45 3 8 B1 0.69692
3 46 3 9 FF 5.82796
3 47 3 10 FA 4.95356
3 48 3 11 9F 0.56793
3 49 4 0 5A 0.30305
3 50 4 1 43 0.28833
3 51 4 2 44 0.08800
3 52 4 3 8A 0.55460
3 53 4 4 98 0.41409
3 54 4 5 57 0.12616
3 55 4 6 77 0.21727
3 56 4 7 EE 6.97412
3 57 4 8 C6 1.15649
3 58 4 9 F3 3.91088
3 59 4 10 FF 18.60600
3 60 4 11 FF 30.06600
3 61 5 0 53 0.34130
3 62 5 1 0 0.02800
3 63 5 2 93 0.61151
3 64 5 3 51 0.69000
3 65 5 4 CC 1.36562
3 66 5 5 1F 0.05501
3 67 5 6 49 0.10139
3 68 5 7 4D 0.10800
3 69 5 8 96 0.39690
3 70 5 9 E0 2.31020
3 71 5 10 FF 40.00000
3 72 5 11 F3 3.97192
3 73 6 0 59 0.08342
3 74 6 1 2C 0.12527
3 75 6 2 77 0.46736
3 76 6 3 0 0.09424
3 77 6 4 2A 0.03206
3 78 6 5 2A 0.06366
3 79 6 6 6B 0.17809
3 80 6 7 A3 0.52364
3 81 6 8 A3 0.52454
3 82 6 9 93 0.37410
3 83 6 10 B0 0.69523
3 84 6 11 9F 0.47884
3 90 7 5 9E 0.46857
3 91 7 6 6A 0.17194
3 92 7 7 50 0.11439
3 93 7 8 B0 0.67973
3 94 7 9 A4 0.53234
3 95 7 10 EA 3.05517
3 96 7 11 E0 2.31710
3 102 8 5 9F 0.68454
3 103 8 6 E8 1.67916
3 104 8 7 CC 1.17384
3 105 8 8 94 0.61450
3 106 8 9 93 0.61079
3 107 8 10 FB 6.98814
3 108 8 11 B6 0.89178
3 114 9 5 96 0.62797
3 115 9 6 B7 0.90306
3 116 9 7 FA 2.22375
3 117 9 8 A4 0.72625
3 118 9 9 9A 0.65587
3 119 9 10 E2 1.55696
3 120 9 11 E6 1.65146
3 126 10 5 4F 0.09450
3 127 10 6 47 0.31059
3 128 10 7 FF 4.88500
3 129 10 8 1E 0.23047
3 130 10 9 BC 0.95469
3 131 10 10 22 0.23576
3 132 10 11 F3 8.14106
3 138 11 5 0 0.09441
3 139 11 6 91 0.59927
3 140 11 7 9C 0.66706
3 141 11 8 B2 0.84956
3 142 11 9 81 0.51133
3 143 11 10 B2 0.84316
3 144 11 11 C4 1.05503
3 150 12 5 8F 0.58376
3 151 12 6 E6 3.34320
3 152 12 7 F5 2.07114
3 153 12 8 F9 4.43061
3 154 12 9 0 25.00000
3 155 12 10 44 0.30456
3 156 12 11 92 0.60344
3 162 13 5 58 0.33517
3 163 13 6 E2 1.55995
3 164 13 7 FF 4.87822
3 165 13 8 E0 1.51454
3 166 13 9 68 0.40749
3 167 13 10 3B 0.14112
3 168 13 11 DC 1.42934
3 174 14 5 5C 0.36432
3 175 14 6 EF 3.74517
3 176 14 7 FF 40.00000
3 177 14 8 B1 0.83585
3 178 14 9 E0 3.00908
3 179 14 10 5B 0.36260
3 180 14 11 F5 2.06815
3 186 15 5 0 0.09430
3 187 15 6 FF 4.87548
3 188 15 7 7C 0.48791
3 189 15 8 4A 0.31766
3 190 15 9 6D 0.42422
3 191 15 10 FF 12.93000
3 192 15 11 DE 2.96305
3 198 16 5 FA 10.00000
3 199 16 6 FA 10.00000
3 200 16 7 F0 4.14322
3 201 16 8 A7 0.57744
3 202 16 9 D6 1.74437
3 203 16 10 0 10.00000
3 204 16 11 F4 9.23873
3 205 17 0 FF 31.43800
3 206 17 1 FF 10.00000
3 207 17 2 FF 10.00000
3 208 17 3 FF 10.00000
3 209 17 4 FA 10.00000
3 210 17 5 FA 10.00000
3 211 17 6 CC 1.35137
3 212 17 7 0 10.00000
3 213 17 8 9B 0.43967
3 214 17 9 9D 0.46075
3 215 17 10 0 25.00000
3 216 17 11 AA 0.60674
3 217 18 0 FF 21.14200
3 218 18 1 FF 40.00000
3 219 18 2 E0 1.50388
3 220 18 3 FF 10.00000
3 221 18 4 FF 11.75267
3 222 18 5 FF 11.75267
3 223 18 6 E6 2.66142
3 224 18 7 A3 0.51548
3 225 18 8 B4 0.75636
3 226 18 9 F6 19.01519
3 227 18 10 F8 4.58500
3 228 18 11 F9 4.87311
3 229 19 0 FF 21.31400
3 230 19 1 E9 6.34903
3 231 19 2 E3 1.56744
3 232 19 3 FF 10.00000
3 233 19 4 CF 1.45918
3 234 19 5 98 0.40781
3 235 19 6 B6 0.78652
3 236 19 7 C0 0.99024
3 237 19 8 DA 1.91789
3 238 19 9 F1 8.30662
3 239 19 10 FF 11.75267
3 240 19 11 F9 14.31973
3 241 20 0 FF 18.10000
3 242 20 1 FF 12.37200
3 243 20 2 FF 4.88115
3 244 20 3 FF 14.49000
3 245 20 4 E6 2.69229
3 246 20 5 FF 28.09000
3 247 20 6 A7 0.56584
3 248 20 7 D1 1.50173
3 249 20 8 F3 4.07212
3 250 20 9 F9 4.75939
3 251 20 10 F8 9.57262
3 252 20 11 AA 0.60162
3 253 21 0 FF 16.00000
3 254 21 1 FF 8.00000
3 255 21 2 D3 1.27420
3 256 21 3 FF 9.50600
3 257 21 4 C0 1.00829
3 258 21 5 D4 1.63616
3 259 21 6 FE 5.60414
3 260 21 7 FA 14.82421
3 261 21 8 F4 8.53461
3 262 21 9 FA 10.00000
3 263 21 10 FF 11.75267
3 264 21 11 EF 6.93206
3 265 22 0 FF 38.41600
3 266 22 1 FF 28.46400
3 267 22 2 62 0.38892
3 268 22 3 FF 4.85521
3 269 22 4 A3 0.51612
3 270 22 5 B9 0.84387
3 271 22 6 EF 3.49610
3 272 22 7 FF 15.05200
3 273 22 8 FF 27.76400
3 274 22 9 FF 19.79800
3 275 22 10 FF 39.42800
3 276 22 11 F4 4.16869
3 277 23 0 BC 0.94920
3 278 23 1 E7 1.67664
3 279 23 2 6A 0.41226
3 280 23 3 D4 1.29356
3 281 23 4 A1 0.49191
3 282 23 5 9B 0.43484
3 283 23 6 FF 17.85400
3 284 23 7 E9 2.90983
3 285 23 8 F2 11.01669
3 286 23 9 FF 30.29200
3 287 23 10 FF 18.46200
3 288 23 11 84 0.27990
4 1 0 0 75 0.45941
4 2 0 1 52 0.33858
4 3 0 2 7E 0.49610
4 4 0 3 D0 1.21668
4 5 0 4 F 0.04406
4 6 0 5 CF 1.44597
4 7 0 6 FF 40.00000
4 8 0 7 FA 12.10575
4 9 0 8 FF 40.00000
4 10 0 9 FF 40.00000
4 11 0 10 FF 36.53200
4 12 0 11 F3 7.96121
4 13 1 0 3A 0.28097
4 14 1 1 74 0.45334
4 15 1 2 FF 10.00000
4 16 1 3 29 0.24957
4 17 1 4 93 0.37058
4 18 1 5 8F 0.34699
4 19 1 6 E2 2.40521
4 20 1 7 E1 2.33777
4 21 1 8 FD 5.56444
4 22 1 9 FF 19.64800
4 23 1 10 F5 8.54600
4 24 1 11 FF 15.32866
4 25 2 0 0 0.04900
4 26 2 1 41 0.29711
4 27 2 2 55 0.34652
4 28 2 3 9C 0.66729
4 29 2 4 C5 1.10905
4 30 2 5 9B 0.44551
4 31 2 6 BB 0.88516
4 32 2 7 F5 26.42657
4 33 2 8 EE 3.44640
4 34 2 9 F9 4.78976
4 35 2 10 FF 28.14000
4 36 2 11 FD 13.58950
4 37 3 0 5C 0.36800
4 38 3 1 29 0.24867
4 39 3 2 4A 0.31786
4 40 3 3 91 0.59857
4 41 3 4 8F 0.34139
4 42 3 5 C2 1.05111
4 43 3 6 A6 0.55651
4 44 3 7 B9 0.85505
4 45 3 8 D1 1.53277
4 46 3 9 DC 2.08552
4 47 3 10 F0 7.82772
4 48 3 11 F3 8.04871
4 49 4 0 A7 0.74850
4 50 4 1 17 0.22004
4 51 4 2 AE 0.80823
4 52 4 3 64 0.39472
4 53 4 4 66 0.16358
4 54 4 5 92 0.36579
4 55 4 6 80 0.26282
4 56 4 7 B4 0.73746
4 57 4 8 9A 0.43077
4 58 4 9 FA 5.00000
4 59 4 10 EF 17.39176
4 60 4 11 F6 4.45214
4 61 5 0 70 0.43600
4 62 5 1 88 0.54300
4 63 5 2 0 0.04500
4 64 5 3 11 0.10476
4 65 5 4 22 0.05712
4 66 5 5 9D 0.46504
4 67 5 6 8D 0.33246
4 68 5 7 D0 1.47376
4 69 5 8 A3 0.51887
4 70 5 9 F8 4.59912
4 71 5 10 F3 3.94744
4 72 5 11 FF 31.78200
4 73 6 0 5D 0.18451
4 74 6 1 12 0.19480
4 75 6 2 5E 0.18714
4 76 6 3 0 0.05950
4 77 6 4 79 0.22559
4 78 6 5 5C 0.13753
4 79 6 6 C8 1.21680
4 80 6 7 FA 10.00000
4 81 6 8 DB 2.00096
4 82 6 9 CF 1.42955
4 83 6 10 C3 1.08468
4 84 6 11 F8 4.73586
4 90 7 5 96 0.39468
4 91 7 6 74 0.20794
4 92 7 7 D5 1.70601
4 93 7 8 A7 0.55541
4 94 7 9 C1 1.03632
4 95 7 10 D7 1.79972
4 96 7 11 EC 3.58936
4 102 8 5 E1 7.25543
4 103 8 6 A9 0.76720
4 104 8 7 D5 10.72536
4 105 8 8 D6 1.31422
4 106 8 9 46 0.30771
4 107 8 10 75 0.45864
4 108 8 11 F4 3.78420
4 114 9 5 83 0.51660
4 115 9 6 E4 26.13526
4 116 9 7 F9 8.16549
4 117 9 8 F1 1.95449
4 118 9 9 FF 5.00000
4 119 9 10 4B 0.32054
4 120 9 11 E8 1.70403
4 126 10 5 B2 0.85350
4 127 10 6 59 0.35910
4 128 10 7 C6 1.07740
4 129 10 8 99 0.64924
4 130 10 9 A7 0.75264
4 131 10 10 50 0.33097
4 132 10 11 D3 2.54027
4 138 11 5 F4 2.05382
4 139 11 6 9B 0.65705
4 140 11 7 96 0.62370
4 141 11 8 76 0.46137
4 142 11 9 F6 3.14736
4 143 11 10 AE 0.81210
4 144 11 11 B8 0.91062
4 150 12 5 FF 19.15800
4 151 12 6 EB 1.83092
4 152 12 7 C7 1.09356
4 153 12 8 D5 1.39314
4 154 12 9 97 0.63609
4 155 12 10 97 0.63835
4 156 12 11 E5 1.64422
4 162 13 5 D5 1.30815
4 163 13 6 58 0.35458
4 164 13 7 EC 7.81208
4 165 13 8 DF 3.94695
4 166 13 9 DE 2.24038
4 167 13 10 BB 0.93927
4 168 13 11 99 0.64345
4 174 14 5 F9 2.45419
4 175 14 6 E6 16.79724
4 176 14 7 E4 5.73340
4 177 14 8 80 0.50748
4 178 14 9 ED 2.87933
4 179 14 10 79 0.47124
4 180 14 11 EC 2.17689
4 186 15 5 DC 2.86564
4 187 15 6 F5 6.52667
4 188 15 7 DD 3.85718
4 189 15 8 FF 4.89641
4 190 15 9 9C 0.66309
4 191 15 10 C4 1.04241
4 192 15 11 A0 0.69896
4 198 16 5 FA 5.00000
4 199 16 6 C7 1.17742
4 200 16 7 F5 4.33057
4 201 16 8 64 0.15922
4 202 16 9 D6 1.74547
4 203 16 10 D9 1.90619
4 204 16 11 A4 0.52912
4 205 17 0 FF 10.00000
4 206 17 1 FF 7.92600
4 207 17 2 FF 13.44600
4 208 17 3 FF 20.50600
4 209 17 4 FF 5.85500
4 210 17 5 EA 7.57469
4 211 17 6 C6 1.17947
4 212 17 7 D5 1.67903
4 213 17 8 80 0.25904
4 214 17 9 BB 0.87703
4 215 17 10 B1 0.69355
4 216 17 11 C4 1.11046
4 217 18 0 49 0.31576
4 218 18 1 FF 18.40400
4 219 18 2 FF 40.00000
4 220 18 3 FF 40.00000
4 221 18 4 FF 11.75267
4 222 18 5 C0 1.01309
4 223 18 6 BB 0.88367
4 224 18 7 B9 0.83255
4 225 18 8 0 10.00000
4 226 18 9 F7 24.08296
4 227 18 10 FF 11.75267
4 228 18 11 F1 8.69000
4 229 19 0 D3 1.28103
4 230 19 1 E9 1.73246
4 231 19 2 D7 4.66667
4 232 19 3 FF 10.00000
4 233 19 4 B4 0.74397
4 234 19 5 A1 0.49421
4 235 19 6 0 10.00000
4 236 19 7 A7 0.56428
4 237 19 8 BA 0.86538
4 238 19 9 E6 2.67832
4 239 19 10 FF 11.75267
4 240 19 11 FF 22.83800
4 241 20 0 FF 10.00000
4 242 20 1 FF 13.55200
4 243 20 2 F4 2.04234
4 244 20 3 DB 3.53065
4 245 20 4 FF 11.75267
4 246 20 5 FB 7.07678
4 247 20 6 A9 0.59705
4 248 20 7 DE 2.17526
4 249 20 8 FF 38.67200
4 250 20 9 F4 11.74181
4 251 20 10 FF 32.70600
4 252 20 11 FF 32.70000
4 253 21 0 FF 10.87511
4 254 21 1 D4 1.29200
4 255 21 2 33 0.26638
4 256 21 3 D5 3.15650
4 257 21 4 B7 0.81877
4 258 21 5 0 10.00000
4 259 21 6 F8 31.96000
4 260 21 7 EE 11.39715
4 261 21 8 E9 13.23980
4 262 21 9 FF 11.75267
4 263 21 10 F9 13.65207
4 264 21 11 FF 40.00000
4 265 22 0 FF 5.42600
4 266 22 1 E8 3.54379
4 267 22 2 FF 29.62800
4 268 22 3 B5 0.87938
4 269 22 4 8C 0.32412
4 270 22 5 9E 0.46798
4 271 22 6 E3 2.44890
4 272 22 7 F7 4.43331
4 273 22 8 EA 3.04335
4 274 22 9 F9 13.83283
4 275 22 10 FD 17.12934
4 276 22 11 DD 2.08627
4 277 23 0 AF 0.82042
4 278 23 1 96 0.62338
4 279 23 2 AD 0.80010
4 280 23 3 3C 0.28411
4 281 23 4 0 0.01822
4 282 23 5 EF 3.53115
4 283 23 6 F1 3.76651
4 284 23 7 FD 5.46527
4 285 23 8 E2 2.44802
4 286 23 9 FF 38.52800
4 287 23 10 FF 14.38200
4 288 23 11 0 0.01824
