1 1 0 0 -1600 565.02648
1 2 0 1 -1471 12.28278
1 3 0 2 -1600 1226.49800
1 4 0 3 -1496 14.90507
1 5 0 4 -1440 14.14000
1 6 0 5 -1600 425.63697
1 7 0 6 -1510 21.16205
1 8 0 7 -1443 49.64472
1 9 0 8 0 28.68000
1 10 0 9 0 28.46000
1 18 1 0 -1371 0.33317
1 19 1 1 -1421 0.51929
1 20 1 2 -1395 0.40943
1 21 1 3 -1177 0.05183
1 22 1 4 -1429 0.54801
1 23 1 5 -1671 3.76304
1 24 1 6 -1560 1.61519
1 25 1 7 -1600 89.33278
1 26 1 8 -1600 546.20894
1 27 1 9 -1462 5.84058
1 28 1 10 0 27.92000
1 35 2 0 -1219 0.07980
1 36 2 1 -1297 0.16683
1 37 2 2 -1341 0.25588
1 38 2 3 -1247 0.10519
1 39 2 4 -1448 0.64870
1 40 2 5 -1383 0.36832
1 41 2 6 -1278 0.14113
1 42 2 7 -1485 0.88920
1 43 2 8 -1357 0.28222
1 44 2 9 -1387 0.63667
1 45 2 10 -1553 24.44632
1 46 2 11 -1475 13.88406
1 52 3 0 -1421 0.51279
1 53 3 1 -1200 0.06541
1 54 3 2 -1208 0.07002
1 55 3 3 -1356 0.29141
1 56 3 4 -1258 0.11750
1 57 3 5 -1317 0.20364
1 58 3 6 -1328 0.22398
1 59 3 7 -1331 0.23086
1 60 3 8 -1597 2.33760
1 61 3 9 -1504 1.03607
1 62 3 10 -1600 1258.13947
1 63 3 11 -1549 87.54246
1 64 3 12 -1600 96.07643
1 69 4 0 -1353 0.28229
1 70 4 1 -1371 0.33418
1 71 4 2 -1243 0.10112
1 72 4 3 -1439 0.60422
1 73 4 4 -1349 0.29422
1 74 4 5 -1192 0.05997
1 75 4 6 -1287 0.15427
1 76 4 7 -1453 0.73515
1 77 4 8 -1332 0.23568
1 78 4 9 -1558 1.58994
1 79 4 10 -1314 0.19903
1 80 4 11 -1333 0.23619
1 81 4 12 -1688 4.22966
1 82 4 13 -1600 1065.92648
1 86 5 0 -1454 0.68275
1 87 5 1 -1202 0.06695
1 88 5 2 -1288 0.15689
1 89 5 3 -1249 0.10673
1 90 5 4 -1381 0.36327
1 91 5 5 -1317 0.20381
1 92 5 6 -1522 1.19977
1 93 5 7 -1482 0.87070
1 94 5 8 -1313 0.19735
1 95 5 9 -1515 1.12860
1 96 5 10 -1451 0.66430
1 97 5 11 -1530 1.28254
1 98 5 12 -1558 1.60014
1 99 5 13 -1346 0.26595
1 100 5 14 -1600 2306.96918
1 103 6 0 -1273 0.13366
1 104 6 1 -1169 0.04724
1 105 6 2 -1245 0.10311
1 106 6 3 -1160 0.04343
1 107 6 4 -1225 0.08412
1 108 6 5 -1318 0.20817
1 109 6 6 -1565 1.66608
1 110 6 7 -1467 0.76303
1 111 6 8 -1433 0.56917
1 112 6 9 -1362 0.30695
1 113 6 10 -1670 3.69360
1 114 6 11 -1549 1.48894
1 115 6 12 -1607 2.31731
1 116 6 13 -1418 0.50188
1 117 6 14 -1407 0.45542
1 118 6 15 -1595 148.61055
1 120 7 0 -1278 0.14106
1 121 7 1 -1296 0.16763
1 122 7 2 -1323 0.21484
1 123 7 3 -1364 0.31239
1 124 7 4 -1401 0.43285
1 125 7 5 -1373 0.33760
1 126 7 6 -1451 0.66916
1 127 7 7 -1397 0.42011
1 128 7 8 -1353 0.28509
1 129 7 9 -1328 0.22582
1 130 7 10 -1667 278.33370
1 131 7 11 -1698 39.56926
1 132 7 12 -1800 297.56320
1 133 7 13 -1653 56.58786
1 134 7 14 -1651 10.20428
1 135 7 15 -1698 157.16455
1 136 7 16 -1600 97.92750
1 137 8 0 -1476 0.81999
1 138 8 1 -1444 0.62429
1 139 8 2 -1411 0.47481
1 140 8 3 -1298 0.17040
1 141 8 4 -1347 0.26777
1 142 8 5 -1469 0.78426
1 143 8 6 -1466 0.75912
1 144 8 7 -1450 0.65793
1 145 8 8 -1412 0.47694
1 146 8 9 -1491 0.93118
1 147 8 10 -1420 0.50880
1 148 8 11 -1343 0.25819
1 149 8 12 -1363 0.30821
1 150 8 13 -1462 0.73495
1 151 8 14 -1387 0.38239
1 152 8 15 -1410 0.46999
1 153 8 16 -1600 1093.39277
1 162 9 8 -1487 0.90101
1 163 9 9 -1414 0.48968
1 164 9 10 -1374 0.33941
1 165 9 11 -1636 2.90206
1 166 9 12 -1429 0.55127
1 167 9 13 -1493 0.93782
1 168 9 14 -1687 25.61627
1 169 9 15 -1679 13.26211
1 170 9 16 -1600 1456.57075
1 179 10 8 -1461 0.72457
1 180 10 9 -1652 3.24731
1 181 10 10 -1506 1.04848
1 182 10 11 -1589 2.01900
1 183 10 12 -1633 2.80845
1 184 10 13 -1512 1.09624
1 185 10 14 -1437 0.59313
1 186 10 15 -1524 1.21397
1 187 10 16 -1600 2196.07128
1 196 11 8 -1675 3.85294
1 197 11 9 -1442 0.61461
1 198 11 10 -1662 3.49363
1 199 11 11 -1616 2.47938
1 200 11 12 -1537 1.34656
1 201 11 13 -1557 1.58147
1 202 11 14 -1338 0.24677
1 203 11 15 -1526 1.23504
1 204 11 16 -1600 1565.90717
1 213 12 8 -1495 0.95845
1 214 12 9 -1452 0.67066
1 215 12 10 -1442 0.62211
1 216 12 11 -1370 0.33218
1 217 12 12 -1414 0.48319
1 218 12 13 -1392 0.39786
1 219 12 14 -1525 1.22504
1 220 12 15 -1625 2.66961
1 221 12 16 -1542 21.88219
1 230 13 8 -1541 1.38861
1 231 13 9 -1499 0.98744
1 232 13 10 -1422 0.51506
1 233 13 11 -1481 0.86128
1 234 13 12 -1667 3.65051
1 235 13 13 -1426 0.54203
1 236 13 14 -1422 0.52211
1 237 13 15 -1363 0.31108
1 238 13 16 -1600 1503.72470
1 247 14 8 -1615 2.44514
1 248 14 9 -1425 0.53604
1 249 14 10 -1403 0.44404
1 250 14 11 -1407 0.45730
1 251 14 12 -1482 0.86362
1 252 14 13 -1651 3.21681
1 253 14 14 -1457 0.70170
1 254 14 15 -1542 1.41387
1 255 14 16 -1600 293.49672
1 264 15 8 -1519 1.16495
1 265 15 9 -1428 0.54805
1 266 15 10 -1490 0.91676
1 267 15 11 -1379 0.35884
1 268 15 12 -1484 0.88289
1 269 15 13 -1453 0.67681
1 270 15 14 -1508 1.06299
1 271 15 15 -1537 1.34718
1 272 15 16 -1556 66.06363
1 281 16 8 -1401 0.43633
1 282 16 9 -1659 6.83700
1 283 16 10 -1441 0.61364
1 284 16 11 -1383 0.37280
1 285 16 12 -1403 0.44504
1 286 16 13 -1309 0.19094
1 287 16 14 -1447 0.64801
1 288 16 15 -1477 0.82525
1 289 16 16 -1600 1680.25994
1 298 17 8 -1631 2.77189
1 299 17 9 -1472 0.80136
1 300 17 10 -1553 1.53895
1 301 17 11 -1443 0.62331
1 302 17 12 -1390 0.39224
1 303 17 13 -1368 0.32428
1 304 17 14 -1337 0.24521
1 305 17 15 -1373 0.34024
1 306 17 16 -1600 84.86683
1 315 18 8 -1656 3.33356
1 316 18 9 -1490 0.91753
1 317 18 10 -1579 1.87039
1 318 18 11 -1374 0.34225
1 319 18 12 -1396 0.41514
1 320 18 13 -1554 1.54254
1 321 18 14 -1395 0.41130
1 322 18 15 -1579 1.88355
1 323 18 16 -1496 30.78684
1 332 19 8 -1464 0.74186
1 333 19 9 -1358 0.29745
1 334 19 10 -1376 0.34677
1 335 19 11 -1601 2.23003
1 336 19 12 -1233 0.09121
1 337 19 13 -1564 1.65849
1 338 19 14 -1374 0.34436
1 339 19 15 -1410 0.46788
1 340 19 16 -1397 0.57054
1 349 20 8 -1454 0.68557
1 350 20 9 -1555 1.56144
1 351 20 10 -1334 0.23658
1 352 20 11 -1232 0.08904
1 353 20 12 -1290 0.15838
1 354 20 13 -1475 0.81673
1 355 20 14 -1268 0.12814
1 356 20 15 -1567 1.71121
1 357 20 16 -1534 24.73114
1 366 21 8 -1425 0.53439
1 367 21 9 -1271 0.13114
1 368 21 10 -1516 1.13015
1 369 21 11 -1347 0.26918
1 370 21 12 -1288 0.15400
1 371 21 13 -1600 76.22844
1 372 21 14 -1400 0.43047
1 373 21 15 -1433 0.57273
1 374 21 16 -1600 35.45780
1 383 22 8 -1321 0.21145
1 384 22 9 -1250 0.10735
1 385 22 10 -1389 0.38988
1 386 22 11 -1476 0.82018
1 387 22 12 -1294 0.16475
1 388 22 13 -1308 0.18975
1 389 22 14 -1455 0.68362
1 390 22 15 -1494 0.95556
1 391 22 16 -1324 0.04769
1 400 23 8 -1476 0.82161
1 401 23 9 -1434 0.57697
1 402 23 10 -1322 0.21159
1 403 23 11 -1352 0.28086
1 404 23 12 -1137 0.03365
1 405 23 13 -1373 0.33905
1 406 23 14 -1260 0.11728
1 407 23 15 -1534 1.33096
1 408 23 16 -1448 4.97539
1 417 24 8 -1382 0.36703
1 418 24 9 -1228 0.08596
1 419 24 10 -1341 0.25443
1 420 24 11 -1545 1.55299
1 421 24 12 -1364 0.31049
1 422 24 13 -1506 1.05850
1 423 24 14 -1256 0.11324
1 424 24 15 -1422 0.51622
1 425 24 16 -1600 1767.61574
1 426 25 0 -1484 0.87476
1 427 25 1 -1510 1.08820
1 428 25 2 -1577 1.85444
1 429 25 3 -1531 1.28447
1 430 25 4 -1515 1.13534
1 431 25 5 -1438 0.59511
1 432 25 6 -1607 2.31349
1 433 25 7 -1481 0.85825
1 434 25 8 -1338 0.24912
1 435 25 9 -1496 0.96928
1 436 25 10 -1398 0.42200
1 437 25 11 -1358 0.29761
1 438 25 12 -1360 0.30055
1 439 25 13 -1221 0.08065
1 440 25 14 -1541 1.38409
1 441 25 15 -1295 0.16600
1 442 25 16 -1448 1.55585
1 443 26 0 -1498 0.98142
1 444 26 1 -1559 1.59208
1 445 26 2 -1360 0.30042
1 446 26 3 -1425 0.53659
1 447 26 4 -1323 0.21573
1 448 26 5 -1470 0.77435
1 449 26 6 -1584 67.25254
1 450 26 7 -1499 0.99504
1 451 26 8 -1345 0.26350
1 452 26 9 -1247 0.10498
1 453 26 10 -1246 0.10230
1 454 26 11 -1340 0.25062
1 455 26 12 -1353 0.28631
1 456 26 13 -1359 0.29878
1 457 26 14 -1344 0.26041
1 458 26 15 -1394 0.40861
1 459 26 16 -1512 26.46951
1 460 27 0 -1436 0.57942
1 461 27 1 -1216 0.07628
1 462 27 2 -1347 0.26722
1 463 27 3 -1488 0.89782
1 464 27 4 -1297 0.16793
1 465 27 5 -1390 0.39397
1 466 27 6 -1387 0.38422
1 467 27 7 -1353 0.28422
1 468 27 8 -1302 0.17642
1 469 27 9 -1445 0.62830
1 470 27 10 -1315 0.20200
1 471 27 11 -1189 0.05834
1 472 27 12 -1201 0.06641
1 473 27 13 -1214 0.07482
1 474 27 14 -1584 67.55745
1 475 27 15 -1404 2.80092
1 477 28 0 -1133 0.03241
1 478 28 1 -1375 0.34560
1 479 28 2 -1161 0.04349
1 480 28 3 -1281 0.14455
1 481 28 4 -1230 0.08800
1 482 28 5 -1351 0.27779
1 483 28 6 -1600 70.30844
1 484 28 7 -1147 0.03780
1 485 28 8 -1492 0.92781
1 486 28 9 -1168 0.04687
1 487 28 10 -1167 0.04601
1 488 28 11 -1239 0.09671
1 489 28 12 -1280 0.14500
1 490 28 13 -1462 0.72608
1 491 28 14 -1439 14.04856
1 494 29 0 -1358 0.29870
1 495 29 1 -1425 0.53203
1 496 29 2 -1242 0.09897
1 497 29 3 -1185 0.05635
1 498 29 4 -1345 0.26532
1 499 29 5 -1162 0.04412
1 500 29 6 -1262 0.12011
1 501 29 7 -1187 0.05724
1 502 29 8 -1323 0.21635
1 503 29 9 -1334 0.23895
1 504 29 10 -1187 0.05731
1 505 29 11 -1303 0.17976
1 506 29 12 -1340 0.25179
1 507 29 13 -1512 15.88617
1 511 30 0 -1287 0.15293
1 512 30 1 -1334 0.23709
1 513 30 2 -1177 0.05124
1 514 30 3 -1288 0.15455
1 515 30 4 -1233 0.09075
1 516 30 5 -1276 0.13778
1 517 30 6 -1252 0.10987
1 518 30 7 -1333 0.23773
1 519 30 8 -1263 0.12130
1 520 30 9 -1395 0.41236
1 521 30 10 -1216 0.07617
1 522 30 11 -1489 0.91279
1 523 30 12 -1214 0.00248
1 528 31 0 -1575 63.00281
1 529 31 1 -1209 0.07207
1 530 31 2 -1196 0.06266
1 531 31 3 -1195 0.06238
1 532 31 4 -1209 0.07180
1 533 31 5 -1355 0.28686
1 534 31 6 -1271 0.13259
1 535 31 7 -1250 0.10740
1 536 31 8 -1194 0.06117
1 537 31 9 -1374 0.34118
1 538 31 10 -1321 0.21131
1 539 31 11 -1235 0.00056
1 545 32 0 -1206 0.06950
1 546 32 1 -1307 0.18492
1 547 32 2 -1309 0.18925
1 548 32 3 -1414 0.48398
1 549 32 4 -1156 0.04115
1 550 32 5 -1205 0.06856
1 551 32 6 -1367 0.32165
1 552 32 7 -1279 0.14148
1 553 32 8 -1213 0.07436
1 554 32 9 -1259 0.11800
1 555 32 10 -1148 0.00384
1 562 33 0 -1347 0.15536
1 563 33 1 -1221 0.00067
1 564 33 2 -1379 0.32450
1 565 33 3 -1178 0.00021
1 566 33 4 -1098 0.00003
1 567 33 5 -1398 1.16703
1 568 33 6 -1416 1.37098
1 569 33 7 -1384 0.44728
1 570 33 8 -1273 0.00337
1 571 33 9 -1311 0.04321
2 1 0 0 -1600 460.85744
2 2 0 1 -1600 368.66466
2 3 0 2 -1600 1609.79078
2 4 0 3 -1567 139.61784
2 5 0 4 -1600 452.62547
2 6 0 5 -1600 449.80656
2 7 0 6 -1600 1588.44008
2 8 0 7 -1600 612.21888
2 9 0 8 -1600 1116.28982
2 10 0 9 -1600 1952.81643
2 18 1 0 -1248 0.10468
2 19 1 1 -1184 0.05543
2 20 1 2 -1263 0.12236
2 21 1 3 -1274 0.13564
2 22 1 4 -1281 0.14542
2 23 1 5 -1430 0.55894
2 24 1 6 -1512 1.09097
2 25 1 7 -1326 0.22209
2 26 1 8 -1448 0.65123
2 27 1 9 -1397 0.41942
2 28 1 10 -1450 6.66066
2 35 2 0 -1319 0.20686
2 36 2 1 -1399 0.42749
2 37 2 2 -1499 0.99133
2 38 2 3 -1390 0.39514
2 39 2 4 -1229 0.08752
2 40 2 5 -1310 0.19063
2 41 2 6 -1519 1.16292
2 42 2 7 -1390 0.39274
2 43 2 8 -1331 0.23262
2 44 2 9 -1576 1.84251
2 45 2 10 -1658 11.27864
2 46 2 11 -1600 87.23458
2 52 3 0 -1423 0.52265
2 53 3 1 -1134 0.03252
2 54 3 2 -1292 0.16114
2 55 3 3 -1228 0.08712
2 56 3 4 -1100 0.02264
2 57 3 5 -1282 0.14674
2 58 3 6 -1425 0.53559
2 59 3 7 -1480 0.85150
2 60 3 8 -1518 1.15749
2 61 3 9 -1607 2.31475
2 62 3 10 -1608 6.34524
2 63 3 11 -1421 0.51518
2 64 3 12 -1600 5.37404
2 69 4 0 -1425 0.53623
2 70 4 1 -1349 0.27363
2 71 4 2 -1195 0.06223
2 72 4 3 -1225 0.08367
2 73 4 4 -1339 0.25103
2 74 4 5 -1237 0.09472
2 75 4 6 -1542 6.05832
2 76 4 7 -1405 0.44910
2 77 4 8 -1317 0.20410
2 78 4 9 -1450 0.66198
2 79 4 10 -1588 2.00912
2 80 4 11 -1478 0.83785
2 81 4 12 -1404 0.45133
2 82 4 13 -1600 154.60412
2 86 5 0 -1368 0.32334
2 87 5 1 -1231 0.08912
2 88 5 2 -1299 0.17307
2 89 5 3 -1453 0.67726
2 90 5 4 -1206 0.06968
2 91 5 5 -1440 0.60817
2 92 5 6 -1205 0.06897
2 93 5 7 -1391 0.39715
2 94 5 8 -1487 0.89873
2 95 5 9 -1585 1.97124
2 96 5 10 -1523 1.20655
2 97 5 11 -1315 0.20010
2 98 5 12 -1396 0.41735
2 99 5 13 -1650 10.71799
2 100 5 14 -1600 143.29174
2 103 6 0 -1398 0.42173
2 104 6 1 -1207 0.07003
2 105 6 2 -1244 0.10237
2 106 6 3 -1260 0.11937
2 107 6 4 -1443 0.67050
2 108 6 5 -1257 0.11632
2 109 6 6 -1363 0.31426
2 110 6 7 -1303 0.18007
2 111 6 8 -1253 0.11032
2 112 6 9 -1472 0.80009
2 113 6 10 -1454 0.68048
2 114 6 11 -1421 1.30436
2 115 6 12 -1246 0.10477
2 116 6 13 -1365 0.31544
2 117 6 14 -1254 0.11136
2 118 6 15 -1600 2587.65578
2 120 7 0 -1251 0.10874
2 121 7 1 -1296 0.16693
2 122 7 2 -1365 0.31690
2 123 7 3 -1167 0.04625
2 124 7 4 -1137 0.03385
2 125 7 5 -1377 0.35016
2 126 7 6 -1236 0.09362
2 127 7 7 -1433 0.57104
2 128 7 8 -1603 2.25917
2 129 7 9 -1640 2.96798
2 130 7 10 -1465 0.75125
2 131 7 11 -1384 0.37258
2 132 7 12 -1619 2.56438
2 133 7 13 -1657 3.38525
2 134 7 14 -1434 0.57223
2 135 7 15 -1685 4.15182
2 136 7 16 -1600 2517.86237
2 137 8 0 -1331 0.23344
2 138 8 1 -1665 3.56132
2 139 8 2 -1247 0.10491
2 140 8 3 -1367 0.31968
2 141 8 4 -1369 0.32729
2 142 8 5 -1488 0.90586
2 143 8 6 -1504 1.03009
2 144 8 7 -1537 10.84248
2 145 8 8 -1356 0.29102
2 146 8 9 -1683 4.09504
2 147 8 10 -1372 0.33592
2 148 8 11 -1485 0.88311
2 149 8 12 -1629 2.75304
2 150 8 13 -1360 0.30370
2 151 8 14 -1467 0.76410
2 152 8 15 -1592 2.08125
2 153 8 16 -1600 381.63090
2 162 9 8 -1568 1.71965
2 163 9 9 -1434 0.58065
2 164 9 10 -1330 0.22896
2 165 9 11 -1534 1.31688
2 166 9 12 -1605 2.29140
2 167 9 13 -1668 6.10986
2 168 9 14 -1518 1.15821
2 169 9 15 -1589 2.03108
2 170 9 16 -1494 2.95083
2 179 10 8 -1622 8.84666
2 180 10 9 -1390 0.39497
2 181 10 10 -1374 0.34451
2 182 10 11 -1342 0.25643
2 183 10 12 -1385 0.37882
2 184 10 13 -1436 0.58961
2 185 10 14 -1459 0.71734
2 186 10 15 -1601 2.22054
2 187 10 16 -1600 151.00546
2 196 11 8 -1690 4.33840
2 197 11 9 -1558 1.59868
2 198 11 10 -1435 0.58180
2 199 11 11 -1390 0.39462
2 200 11 12 -1409 0.46444
2 201 11 13 -1266 0.12573
2 202 11 14 -1562 1.64577
2 203 11 15 -1359 0.29839
2 204 11 16 -1600 2025.60742
2 213 12 8 -1408 0.46442
2 214 12 9 -1574 1.80908
2 215 12 10 -1346 0.26536
2 216 12 11 -1480 0.84949
2 217 12 12 -1431 0.56170
2 218 12 13 -1491 0.92503
2 219 12 14 -1489 0.91334
2 220 12 15 -1600 76.22844
2 221 12 16 -1600 673.44698
2 230 13 8 -1649 3.17205
2 231 13 9 -1651 3.22696
2 232 13 10 -1380 0.36047
2 233 13 11 -1387 0.38610
2 234 13 12 -1663 3.53427
2 235 13 13 -1339 0.25064
2 236 13 14 -1415 0.48670
2 237 13 15 -1628 8.22622
2 238 13 16 -1600 84.76029
2 247 14 8 -1674 3.81922
2 248 14 9 -1494 0.95030
2 249 14 10 -1551 1.51148
2 250 14 11 -1520 1.18051
2 251 14 12 -1465 0.75258
2 252 14 13 -1568 1.72166
2 253 14 14 -1448 0.65302
2 254 14 15 -1634 2.83879
2 255 14 16 -1600 59.49925
2 264 15 8 -1541 1.38642
2 265 15 9 -1390 0.39588
2 266 15 10 -1314 0.21500
2 267 15 11 -1450 0.66063
2 268 15 12 -1388 0.38711
2 269 15 13 -1564 1.66649
2 270 15 14 -1357 0.29559
2 271 15 15 -1501 1.00928
2 272 15 16 -1464 2.61489
2 281 16 8 -1587 1.98472
2 282 16 9 -1326 0.22076
2 283 16 10 -1496 0.96704
2 284 16 11 -1656 9.95886
2 285 16 12 -1334 0.23698
2 286 16 13 -1321 0.20988
2 287 16 14 -1653 3.29263
2 288 16 15 -1679 3.98086
2 289 16 16 -1514 4.90714
2 298 17 8 -1347 0.26682
2 299 17 9 -1358 0.29707
2 300 17 10 -1334 0.23834
2 301 17 11 -1412 0.47471
2 302 17 12 -1369 0.32866
2 303 17 13 -1414 0.48642
2 304 17 14 -1490 0.92478
2 305 17 15 -1393 0.40461
2 306 17 16 -1405 1.22539
2 315 18 8 -1408 0.46450
2 316 18 9 -1447 0.64922
2 317 18 10 -1472 0.79794
2 318 18 11 -1360 0.30216
2 319 18 12 -1225 0.08373
2 320 18 13 -1402 0.43754
2 321 18 14 -1472 0.79843
2 322 18 15 -1563 1.65103
2 323 18 16 -1600 100.66812
2 332 19 8 -1337 0.24464
2 333 19 9 -1457 0.69918
2 334 19 10 -1346 0.26404
2 335 19 11 -1352 0.27897
2 336 19 12 -1383 0.37063
2 337 19 13 -1517 1.15121
2 338 19 14 -1367 0.32069
2 339 19 15 -1435 0.58017
2 340 19 16 -1600 62.40885
2 349 20 8 -1442 0.62061
2 350 20 9 -1524 1.21569
2 351 20 10 -1084 0.01890
2 352 20 11 -1496 0.96845
2 353 20 12 -1418 0.50468
2 354 20 13 -1461 0.72220
2 355 20 14 -1287 0.15415
2 356 20 15 -1476 0.81975
2 357 20 16 -1600 99.23464
2 366 21 8 -1619 2.55015
2 367 21 9 -1389 0.39059
2 368 21 10 -1506 1.05316
2 369 21 11 -1183 0.05508
2 370 21 12 -1327 0.22274
2 371 21 13 -1470 0.78059
2 372 21 14 -1374 0.33925
2 373 21 15 -1369 0.32612
2 374 21 16 -1600 79.34822
2 383 22 8 -1408 0.45968
2 384 22 9 -1533 1.30350
2 385 22 10 -1336 0.24296
2 386 22 11 -1284 0.15023
2 387 22 12 -1335 0.23993
2 388 22 13 -1213 0.07430
2 389 22 14 -1284 0.14830
2 390 22 15 -1616 2.47962
2 391 22 16 -1517 4.38742
2 400 23 8 -1400 0.42827
2 401 23 9 -1397 0.42033
2 402 23 10 -1143 0.03599
2 403 23 11 -1394 0.41113
2 404 23 12 -1326 0.22143
2 405 23 13 -1462 0.73401
2 406 23 14 -1559 1.59724
2 407 23 15 -1357 0.29222
2 408 23 16 -1590 15.65017
2 417 24 8 -1539 1.36618
2 418 24 9 -1501 1.00693
2 419 24 10 -1288 0.15362
2 420 24 11 -1373 0.33835
2 421 24 12 -1305 0.18254
2 422 24 13 -1459 0.71719
2 423 24 14 -1290 0.15813
2 424 24 15 -1411 0.47154
2 425 24 16 -1600 516.90800
2 426 25 0 -1548 50.69192
2 427 25 1 -1695 4.51730
2 428 25 2 -1570 59.81957
2 429 25 3 -1474 0.80878
2 430 25 4 -1632 6.06055
2 431 25 5 -1472 0.78987
2 432 25 6 -1601 2.19250
2 433 25 7 -1403 0.44294
2 434 25 8 -1332 0.23467
2 435 25 9 -1382 0.37120
2 436 25 10 -1325 0.21904
2 437 25 11 -1362 0.30558
2 438 25 12 -1323 0.21508
2 439 25 13 -1385 0.37673
2 440 25 14 -1330 0.23036
2 441 25 15 -1364 0.31265
2 442 25 16 -1600 1352.41517
2 443 26 0 -1371 0.33510
2 444 26 1 -1364 0.31302
2 445 26 2 -1308 0.18633
2 446 26 3 -1404 0.44139
2 447 26 4 -1286 0.15280
2 448 26 5 -1471 0.78989
2 449 26 6 -1259 0.11801
2 450 26 7 -1288 0.15370
2 451 26 8 -1476 0.81900
2 452 26 9 -1341 0.25452
2 453 26 10 -1276 0.13830
2 454 26 11 -1357 0.29412
2 455 26 12 -1358 0.29515
2 456 26 13 -1361 0.30636
2 457 26 14 -1265 0.12451
2 458 26 15 -1445 0.63521
2 459 26 16 -1572 126.25726
2 460 27 0 -1335 0.24142
2 461 27 1 -1442 0.61942
2 462 27 2 -1269 0.12969
2 463 27 3 -1246 0.10310
2 464 27 4 -1219 0.07938
2 465 27 5 -1268 0.12749
2 466 27 6 -1530 1.27246
2 467 27 7 -1280 0.14322
2 468 27 8 -1155 0.04082
2 469 27 9 -1202 0.06699
2 470 27 10 -1206 0.07027
2 471 27 11 -1337 0.24544
2 472 27 12 -1195 0.06227
2 473 27 13 -1298 0.16988
2 474 27 14 -1112 0.02584
2 475 27 15 -1434 2.49094
2 477 28 0 -1351 0.27687
2 478 28 1 -1446 0.64097
2 479 28 2 -1227 0.08628
2 480 28 3 -1207 0.06970
2 481 28 4 -1285 0.15057
2 482 28 5 -1179 0.05254
2 483 28 6 -1202 0.06630
2 484 28 7 -1271 0.13116
2 485 28 8 -1246 0.10389
2 486 28 9 -1296 0.16758
2 487 28 10 -1200 0.06514
2 488 28 11 -1182 0.05397
2 489 28 12 -1189 0.05811
2 490 28 13 -1104 0.02366
2 491 28 14 -1271 0.25713
2 494 29 0 -1197 0.06275
2 495 29 1 -1395 0.40966
2 496 29 2 -1226 0.08518
2 497 29 3 -1301 0.17610
2 498 29 4 -1294 0.16409
2 499 29 5 -1399 0.49817
2 500 29 6 -1258 0.11721
2 501 29 7 -1304 0.18183
2 502 29 8 -1278 0.14018
2 503 29 9 -1202 0.06682
2 504 29 10 -1079 0.01787
2 505 29 11 -1349 0.27348
2 506 29 12 -1393 0.40306
2 507 29 13 -1289 0.31562
2 511 30 0 -1293 0.16328
2 512 30 1 -1344 0.26292
2 513 30 2 -1300 0.17359
2 514 30 3 -1202 0.06680
2 515 30 4 -1381 0.36412
2 516 30 5 -1331 0.23104
2 517 30 6 -1252 0.10992
2 518 30 7 -1016 0.00858
2 519 30 8 -1117 0.02721
2 520 30 9 -1210 0.07186
2 521 30 10 -1070 0.01612
2 522 30 11 -1318 0.20709
2 523 30 12 -1408 0.55816
2 528 31 0 -1266 0.12639
2 529 31 1 -1199 0.06440
2 530 31 2 -1187 0.05768
2 531 31 3 -1401 0.43287
2 532 31 4 -1178 0.05189
2 533 31 5 -1235 0.09311
2 534 31 6 -1301 0.17623
2 535 31 7 -1220 0.07959
2 536 31 8 -1160 0.04243
2 537 31 9 -1294 0.16301
2 538 31 10 -1300 0.17399
2 539 31 11 -1317 0.29500
2 545 32 0 -1116 0.02705
2 546 32 1 -1261 0.12006
2 547 32 2 -1196 0.06272
2 548 32 3 -1218 0.07839
2 549 32 4 -1333 0.23581
2 550 32 5 -1195 0.06238
2 551 32 6 -1200 0.06565
2 552 32 7 -1166 0.04592
2 553 32 8 -1360 0.29942
2 554 32 9 -1330 0.22776
2 555 32 10 -1372 0.55247
2 562 33 0 -1327 0.10525
2 563 33 1 -1391 0.35753
2 564 33 2 -1222 0.00336
2 565 33 3 -1267 0.14093
2 566 33 4 -1244 0.00346
2 567 33 5 -1273 0.01610
2 568 33 6 -1314 0.03933
2 569 33 7 -1362 0.24665
2 570 33 8 -1288 0.13013
2 571 33 9 -1256 0.00365
