3 1 0 0 64 0.39491
3 2 0 1 9A 0.65322
3 3 0 2 57 0.35265
3 4 0 3 B1 0.84222
3 5 0 4 C3 1.10554
3 6 0 5 C8 1.22057
3 7 0 6 F8 4.58832
3 8 0 7 F1 60.97285
3 9 0 8 E9 19.83240
3 10 0 9 F9 4.64824
3 11 0 10 ED 25.68297
3 12 0 11 F3 30.96363
3 13 1 0 6D 0.42442
3 14 1 1 5B 0.16030
3 15 1 2 88 0.54824
3 16 1 3 60 0.37886
3 17 1 4 88 0.30206
3 18 1 5 B9 0.84251
3 19 1 6 EB 3.10230
3 20 1 7 FF 5.95642
3 21 1 8 F7 9.21959
3 22 1 9 FA 22.39518
3 23 1 10 EB 17.76981
3 24 1 11 EB 23.43794
3 25 2 0 20 0.07841
3 26 2 1 8A 0.55454
3 27 2 2 B3 0.85940
3 28 2 3 B8 0.91449
3 29 2 4 5E 0.13988
3 30 2 5 AC 0.63711
3 31 2 6 E1 2.31905
3 32 2 7 E4 2.57944
3 33 2 8 F3 7.82637
3 34 2 9 F0 3.72455
3 35 2 10 EE 6.90895
3 36 2 11 FA 40.43133
3 37 3 0 23 0.16720
3 38 3 1 6 0.19716
3 39 3 2 4F 0.33189
3 40 3 3 81 0.51050
3 41 3 4 74 0.20644
3 42 3 5 99 0.40720
3 43 3 6 94 0.38891
3 44 3 7 FF 188.04272
3 45 3 8 AC 0.63261
3 46 3 9 F6 4.38557
3 47 3 10 E5 2.59996
3 48 3 11 8B 0.37663
3 49 4 0 5A 0.15152
3 50 4 1 48 0.29963
3 51 4 2 46 0.08970
3 52 4 3 9E 0.67957
3 53 4 4 A5 0.54350
3 54 4 5 67 0.16670
3 55 4 6 81 0.25672
3 56 4 7 F4 8.42027
3 57 4 8 BD 0.94480
3 58 4 9 EF 3.53501
3 59 4 10 F8 14.80240
3 60 4 11 F8 94.67163
3 61 5 0 55 0.34830
3 62 5 1 17 0.03247
3 63 5 2 9E 0.68574
3 64 5 3 52 0.69371
3 65 5 4 9 0.02073
3 66 5 5 39 0.07922
3 67 5 6 55 0.12133
3 68 5 7 57 0.12508
3 69 5 8 8E 0.33824
3 70 5 9 E0 2.35637
3 71 5 10 EE 93.59520
3 72 5 11 E7 2.77766
3 73 6 0 4F 0.07708
3 74 6 1 5 0.09619
3 75 6 2 43 0.30319
3 76 6 3 23 0.05949
3 77 6 4 2E 0.03391
3 78 6 5 3D 0.08367
3 79 6 6 6D 0.18499
3 80 6 7 A7 0.57015
3 81 6 8 A4 0.52816
3 82 6 9 96 0.40355
3 83 6 10 A8 0.58030
3 84 6 11 AC 0.63697
3 90 7 5 A0 0.48846
3 91 7 6 6E 0.18644
3 92 7 7 4D 0.10917
3 93 7 8 B2 0.70923
3 94 7 9 A8 0.58426
3 95 7 10 F2 3.89138
3 96 7 11 CC 1.37085
3 102 8 5 97 0.62909
3 103 8 6 EF 1.87114
3 104 8 7 D9 1.39396
3 105 8 8 9D 0.67355
3 106 8 9 9D 0.67849
3 107 8 10 F3 12.31950
3 108 8 11 BA 0.93042
3 114 9 5 87 0.54098
3 115 9 6 CB 1.14569
3 116 9 7 F8 2.15123
3 117 9 8 BB 0.94177
3 118 9 9 B8 0.91448
3 119 9 10 D4 1.28162
3 120 9 11 EB 1.78307
3 126 10 5 31 0.15009
3 127 10 6 8C 0.57013
3 128 10 7 FF 78.16000
3 129 10 8 59 0.35995
3 130 10 9 C9 1.11955
3 131 10 10 3F 0.29114
3 132 10 11 E9 7.05518
3 138 11 5 2D 0.06378
3 139 11 6 C1 1.01617
3 140 11 7 CD 1.17192
3 141 11 8 C8 1.10072
3 142 11 9 81 0.51262
3 143 11 10 C6 1.07449
3 144 11 11 A5 0.73734
3 150 12 5 89 0.54615
3 151 12 6 D3 2.58317
3 152 12 7 EE 1.86130
3 153 12 8 F9 17.72721
3 154 12 9 0 1383.37500
3 155 12 10 42 0.14996
3 156 12 11 DE 1.47181
3 162 13 5 EE 1.75141
3 163 13 6 FE 2.38966
3 164 13 7 FA 4.51828
3 165 13 8 D8 2.73705
3 166 13 9 28 0.12410
3 167 13 10 56 0.04344
3 168 13 11 D7 2.65763
3 174 14 5 4F 0.16471
3 175 14 6 FF 77.16480
3 176 14 7 D6 348.32000
3 177 14 8 F5 2.06242
3 178 14 9 D1 1.23070
3 179 14 10 4E 0.08153
3 180 14 11 E4 6.39262
3 186 15 5 F 0.02594
3 187 15 6 FE 4.77981
3 188 15 7 16 0.21804
3 189 15 8 9A 0.65823
3 190 15 9 3E 0.03618
3 191 15 10 E5 17.37872
3 192 15 11 D6 5.35460
3 198 16 5 FD 11.06325
3 199 16 6 FF 188.04280
3 200 16 7 F4 9.43445
3 201 16 8 C9 1.25005
3 202 16 9 DA 1.95164
3 203 16 10 0 20.00000
3 204 16 11 F5 9.37827
3 205 17 0 D0 63.50476
3 206 17 1 FF 160.00000
3 207 17 2 D6 43.60000
3 208 17 3 F8 142.96000
3 209 17 4 EB 100.00000
3 210 17 5 FF 188.04280
3 211 17 6 CE 1.41014
3 212 17 7 0 20.00000
3 213 17 8 A4 0.53469
3 214 17 9 AD 0.65872
3 215 17 10 0 50.00000
3 216 17 11 A4 0.54137
3 217 18 0 EC 15.63305
3 218 18 1 E3 207.04000
3 219 18 2 EF 3.75438
3 220 18 3 FD 19.53105
3 221 18 4 ED 105.96207
3 222 18 5 FC 42.07456
3 223 18 6 EA 2.99802
3 224 18 7 AD 0.63728
3 225 18 8 C1 1.01318
3 226 18 9 FA 21.49553
3 227 18 10 F7 4.31892
3 228 18 11 F4 4.19613
3 229 19 0 D4 90.37136
3 230 19 1 FC 8.46342
3 231 19 2 E2 1.55726
3 232 19 3 EF 62.32000
3 233 19 4 DC 2.07886
3 234 19 5 A8 0.56703
3 235 19 6 B9 0.84904
3 236 19 7 BF 0.97057
3 237 19 8 D3 1.56314
3 238 19 9 ED 7.34398
3 239 19 10 F6 71.36221
3 240 19 11 FE 8.38168
3 241 20 0 E4 24.01007
3 242 20 1 F8 11.07893
3 243 20 2 8F 0.58241
3 244 20 3 D1 14.74885
3 245 20 4 F1 3.77248
3 246 20 5 ED 63.82138
3 247 20 6 B8 0.82080
3 248 20 7 CA 1.25212
3 249 20 8 ED 3.47991
3 250 20 9 EA 5.95623
3 251 20 10 EF 14.39453
3 252 20 11 AC 0.63702
3 253 21 0 E0 19.88160
3 254 21 1 EA 22.94400
3 255 21 2 C6 1.08182
3 256 21 3 F3 15.70935
3 257 21 4 BB 0.90096
3 258 21 5 D4 1.59900
3 259 21 6 F9 9.54218
3 260 21 7 F8 13.57305
3 261 21 8 F2 8.03818
3 262 21 9 FC 170.08471
3 263 21 10 FA 20.04423
3 264 21 11 F2 7.55728
3 265 22 0 DD 91.17561
3 266 22 1 F6 197.42630
3 267 22 2 55 0.35029
3 268 22 3 F5 8.36184
3 269 22 4 AB 0.62357
3 270 22 5 B5 0.76842
3 271 22 6 F5 4.22051
3 272 22 7 F6 11.19411
3 273 22 8 F7 43.32250
3 274 22 9 F0 24.67524
3 275 22 10 FE 75.83929
3 276 22 11 F2 3.91951
3 277 23 0 B3 0.85478
3 278 23 1 F7 2.13897
3 279 23 2 9E 0.68198
3 280 23 3 EC 1.80327
3 281 23 4 9B 0.43266
3 282 23 5 31 0.00877
3 283 23 6 FD 32.53228
3 284 23 7 F7 9.01530
3 285 23 8 ED 9.57835
3 286 23 9 F9 50.60921
3 287 23 10 F4 208.62060
3 288 23 11 C6 1.17917
4 1 0 0 8A 0.55685
4 2 0 1 80 0.50234
4 3 0 2 9A 0.65325
4 4 0 3 E2 1.54679
4 5 0 4 25 0.05901
4 6 0 5 B4 0.75346
4 7 0 6 EB 84.35728
4 8 0 7 F7 5.48542
4 9 0 8 F8 516.16000
4 10 0 9 F0 196.14952
4 11 0 10 FC 16.67028
4 12 0 11 FF 186.33996
4 13 1 0 35 0.27208
4 14 1 1 79 0.47587
4 15 1 2 EE 7.68462
4 16 1 3 7B 0.48291
4 17 1 4 B2 0.72246
4 18 1 5 CA 1.30165
4 19 1 6 F1 7.49356
4 20 1 7 E0 2.25689
4 21 1 8 ED 6.63117
4 22 1 9 F9 32.30272
4 23 1 10 EE 6.97830
4 24 1 11 E6 3.60208
4 25 2 0 50 0.04311
4 26 2 1 58 0.35591
4 27 2 2 7E 0.49712
4 28 2 3 A2 0.70870
4 29 2 4 C3 1.04611
4 30 2 5 AE 0.67659
4 31 2 6 C3 1.06451
4 32 2 7 F8 28.83609
4 33 2 8 FC 5.40980
4 34 2 9 EC 6.54338
4 35 2 10 F6 21.27789
4 36 2 11 FB 12.74777
4 37 3 0 67 0.40671
4 38 3 1 35 0.27243
4 39 3 2 5A 0.36344
4 40 3 3 8B 0.56414
4 41 3 4 94 0.37667
4 42 3 5 C5 1.14078
4 43 3 6 B4 0.75919
4 44 3 7 AF 0.68330
4 45 3 8 C2 1.04071
4 46 3 9 DE 2.21952
4 47 3 10 EF 7.58201
4 48 3 11 F9 4.77343
4 49 4 0 9E 0.68035
4 50 4 1 33 0.26720
4 51 4 2 B9 0.91712
4 52 4 3 7A 0.48139
4 53 4 4 5D 0.14121
4 54 4 5 A3 0.52048
4 55 4 6 A4 0.53497
4 56 4 7 AA 0.58504
4 57 4 8 A1 0.49135
4 58 4 9 EB 50.00000
4 59 4 10 F4 40.64246
4 60 4 11 FD 5.58848
4 61 5 0 FA 17.90455
4 62 5 1 BA 0.92444
4 63 5 2 35 0.03226
4 64 5 3 39 0.13832
4 65 5 4 24 0.05836
4 66 5 5 A0 0.49552
4 67 5 6 8F 0.34201
4 68 5 7 CF 1.42610
4 69 5 8 B9 0.84722
4 70 5 9 F9 4.72919
4 71 5 10 FC 5.22227
4 72 5 11 FB 56.21848
4 73 6 0 79 0.46923
4 74 6 1 1E 0.21228
4 75 6 2 3D 0.28799
4 76 6 3 41 0.04666
4 77 6 4 68 0.16744
4 78 6 5 6A 0.17375
4 79 6 6 D6 1.70682
4 80 6 7 FF 188.04280
4 81 6 8 D4 1.64783
4 82 6 9 CD 1.38022
4 83 6 10 BF 0.98453
4 84 6 11 E3 2.54476
4 90 7 5 A7 0.55423
4 91 7 6 8F 0.34402
4 92 7 7 E7 2.83079
4 93 7 8 B3 0.73160
4 94 7 9 DE 2.20175
4 95 7 10 E8 2.93385
4 96 7 11 F6 9.58618
4 102 8 5 F2 9.30661
4 103 8 6 BF 0.99042
4 104 8 7 DC 11.76656
4 105 8 8 C0 0.99440
4 106 8 9 72 0.44309
4 107 8 10 8B 0.56589
4 108 8 11 E9 3.19690
4 114 9 5 8E 0.57494
4 115 9 6 DF 48.77441
4 116 9 7 FB 8.39954
4 117 9 8 E9 1.75264
4 118 9 9 E0 50.00000
4 119 9 10 3F 0.29043
4 120 9 11 E4 1.62289
4 126 10 5 C3 1.04076
4 127 10 6 66 0.40040
4 128 10 7 BE 0.97202
4 129 10 8 A2 0.71206
4 130 10 9 B2 0.84783
4 131 10 10 5A 0.36063
4 132 10 11 EC 1.80764
4 138 11 5 D5 1.30993
4 139 11 6 7F 0.49894
4 140 11 7 8C 0.56624
4 141 11 8 7C 0.48676
4 142 11 9 FB 3.37971
4 143 11 10 B7 0.89319
4 144 11 11 C5 1.06909
4 150 12 5 DD 22.92627
4 151 12 6 E3 1.61253
4 152 12 7 BE 0.97239
4 153 12 8 DD 1.54875
4 154 12 9 A9 0.77425
4 155 12 10 98 0.64621
4 156 12 11 FE 2.39276
4 162 13 5 B6 0.89293
4 163 13 6 5C 0.36757
4 164 13 7 F5 8.96993
4 165 13 8 D5 3.47276
4 166 13 9 D5 2.00112
4 167 13 10 C2 1.02229
4 168 13 11 91 0.59135
4 174 14 5 E2 3.48715
4 175 14 6 E6 33.60277
4 176 14 7 F0 6.78647
4 177 14 8 A6 0.74443
4 178 14 9 F4 3.18808
4 179 14 10 79 0.47026
4 180 14 11 F1 2.34777
4 186 15 5 EA 1.74793
4 187 15 6 D1 7.90532
4 188 15 7 D5 3.46901
4 189 15 8 F2 7.89490
4 190 15 9 AD 0.79662
4 191 15 10 C5 1.04571
4 192 15 11 8D 0.57152
4 198 16 5 EB 50.00000
4 199 16 6 CD 1.36104
4 200 16 7 FF 190.58948
4 201 16 8 2F 0.00219
4 202 16 9 F1 3.73938
4 203 16 10 DF 2.20487
4 204 16 11 9D 0.45710
4 205 17 0 FF 160.00000
4 206 17 1 FD 30.43584
4 207 17 2 F5 45.65874
4 208 17 3 FE 81.28578
4 209 17 4 EB 12.70863
4 210 17 5 F9 6.00545
4 211 17 6 D4 1.67703
4 212 17 7 D8 1.79121
4 213 17 8 83 0.27484
4 214 17 9 C4 1.10465
4 215 17 10 AE 0.66258
4 216 17 11 B4 0.76698
4 217 18 0 80 0.50415
4 218 18 1 E4 48.36571
4 219 18 2 DE 385.92000
4 220 18 3 EA 57.76000
4 221 18 4 FF 188.04272
4 222 18 5 C9 1.25953
4 223 18 6 B9 0.84175
4 224 18 7 AD 0.62603
4 225 18 8 0 100.00000
4 226 18 9 EE 18.02352
4 227 18 10 EA 97.92325
4 228 18 11 FA 5.72462
4 229 19 0 E2 1.57503
4 230 19 1 D5 2.63612
4 231 19 2 E1 10.78883
4 232 19 3 FF 160.00000
4 233 19 4 D2 1.53415
4 234 19 5 AA 0.59848
4 235 19 6 0 20.00000
4 236 19 7 96 0.39837
4 237 19 8 B7 0.81221
4 238 19 9 F4 4.07983
4 239 19 10 EE 26.97830
4 240 19 11 EB 24.53391
4 241 20 0 FF 160.00000
4 242 20 1 ED 20.38984
4 243 20 2 F3 2.01096
4 244 20 3 D9 3.46520
4 245 20 4 F3 126.71282
4 246 20 5 F4 5.64727
4 247 20 6 AF 0.68408
4 248 20 7 E7 2.81483
4 249 20 8 F0 48.03016
4 250 20 9 F7 13.00622
4 251 20 10 FA 28.12245
4 252 20 11 EA 33.87197
4 253 21 0 FE 10.79364
4 254 21 1 F5 2.07126
4 255 21 2 55 0.34508
4 256 21 3 DB 3.43502
4 257 21 4 BF 0.98200
4 258 21 5 0 20.00000
4 259 21 6 EB 43.71665
4 260 21 7 F7 15.26689
4 261 21 8 FA 22.03751
4 262 21 9 F4 66.80218
4 263 21 10 F2 10.81320
4 264 21 11 F5 58.27328
4 265 22 0 ED 4.04902
4 266 22 1 E8 3.53092
4 267 22 2 FF 474.04800
4 268 22 3 C1 1.00917
4 269 22 4 B3 0.74422
4 270 22 5 A0 0.48621
4 271 22 6 F4 4.03470
4 272 22 7 F0 3.59000
4 273 22 8 D4 1.62868
4 274 22 9 F2 10.89646
4 275 22 10 EE 10.73256
4 276 22 11 FE 5.48968
4 277 23 0 B5 0.87912
4 278 23 1 B6 0.87989
4 279 23 2 B1 0.83479
4 280 23 3 A7 0.74546
4 281 23 4 0 0.00114
4 282 23 5 F2 7.73774
4 283 23 6 E5 2.61715
4 284 23 7 E9 5.84163
4 285 23 8 DB 2.05897
4 286 23 9 EF 45.97103
4 287 23 10 FF 230.11200
4 288 23 11 1F 0.00344
