1 1 0 0 -1400 67.92000
1 2 0 1 -1400 6.73398
1 3 0 2 -1400 107.82400
1 4 0 3 -1400 6.61272
1 5 0 4 -1400 10.00000
1 6 0 5 -1400 49.54452
1 7 0 6 -1400 8.39764
1 8 0 7 -1400 34.38000
1 9 0 8 0 20.00000
1 10 0 9 0 20.00000
1 18 1 0 -1425 0.53222
1 19 1 1 -1446 0.64189
1 20 1 2 -1431 0.56010
1 21 1 3 -1206 0.06966
1 22 1 4 -1492 0.93041
1 23 1 5 -1636 5.78930
1 24 1 6 -1552 1.51661
1 25 1 7 -1400 6.88128
1 26 1 8 -1400 59.05600
1 27 1 9 -1400 3.42757
1 28 1 10 0 20.00000
1 35 2 0 -1265 0.12528
1 36 2 1 -1343 0.25627
1 37 2 2 -1388 0.38828
1 38 2 3 -1277 0.14081
1 39 2 4 -1479 0.84356
1 40 2 5 -1388 0.38608
1 41 2 6 -1326 0.22155
1 42 2 7 -1473 0.80325
1 43 2 8 -1400 0.41503
1 44 2 9 -1400 0.71216
1 45 2 10 -1400 6.89600
1 46 2 11 -1400 7.33442
1 52 3 0 -1471 0.78288
1 53 3 1 -1232 0.09009
1 54 3 2 -1236 0.09299
1 55 3 3 -1365 0.31504
1 56 3 4 -1275 0.13807
1 57 3 5 -1370 0.32899
1 58 3 6 -1365 0.31458
1 59 3 7 -1346 0.26536
1 60 3 8 -1645 3.34900
1 61 3 9 -1555 1.55566
1 62 3 10 -1400 98.60800
1 63 3 11 -1400 25.34524
1 64 3 12 -1400 6.88128
1 69 4 0 -1384 0.37340
1 70 4 1 -1406 0.45466
1 71 4 2 -1291 0.16051
1 72 4 3 -1444 0.63005
1 73 4 4 -1275 0.14800
1 74 4 5 -1238 0.09550
1 75 4 6 -1334 0.23993
1 76 4 7 -1481 0.92939
1 77 4 8 -1376 0.34915
1 78 4 9 -1584 1.94132
1 79 4 10 -1311 0.19418
1 80 4 11 -1361 0.30320
1 81 4 12 -1645 6.17468
1 82 4 13 -1400 103.76000
1 86 5 0 -1492 0.93528
1 87 5 1 -1235 0.09312
1 88 5 2 -1322 0.21521
1 89 5 3 -1287 0.15424
1 90 5 4 -1419 0.50595
1 91 5 5 -1355 0.28868
1 92 5 6 -1567 1.71151
1 93 5 7 -1508 1.07361
1 94 5 8 -1355 0.28979
1 95 5 9 -1551 1.50883
1 96 5 10 -1485 0.88221
1 97 5 11 -1543 1.42189
1 98 5 12 -1583 1.94428
1 99 5 13 -1452 0.66990
1 100 5 14 -1400 165.23200
1 103 6 0 -1311 0.19122
1 104 6 1 -1210 0.07201
1 105 6 2 -1283 0.14836
1 106 6 3 -1183 0.05511
1 107 6 4 -1269 0.12962
1 108 6 5 -1361 0.30703
1 109 6 6 -1581 1.89112
1 110 6 7 -1492 0.93738
1 111 6 8 -1466 0.75088
1 112 6 9 -1387 0.38178
1 113 6 10 -1659 3.41368
1 114 6 11 -1580 1.89674
1 115 6 12 -1606 2.30808
1 116 6 13 -1523 1.20068
1 117 6 14 -1449 0.65528
1 118 6 15 -1400 30.18086
1 120 7 0 -1304 0.18061
1 121 7 1 -1346 0.26565
1 122 7 2 -1345 0.26328
1 123 7 3 -1383 0.37057
1 124 7 4 -1417 0.49867
1 125 7 5 -1380 0.35992
1 126 7 6 -1454 0.68915
1 127 7 7 -1411 0.47524
1 128 7 8 -1346 0.26669
1 129 7 9 -1356 0.29214
1 130 7 10 -1800 177.39560
1 131 7 11 -1615 85.46276
1 132 7 12 -1800 74.39080
1 133 7 13 -1637 100.51129
1 134 7 14 -1676 12.26476
1 135 7 15 -1800 80.47340
1 136 7 16 -1400 6.88128
1 137 8 0 -1546 1.44365
1 138 8 1 -1494 0.94446
1 139 8 2 -1436 0.58763
1 140 8 3 -1339 0.24913
1 141 8 4 -1375 0.34507
1 142 8 5 -1525 1.23701
1 143 8 6 -1442 0.61868
1 144 8 7 -1464 0.74259
1 145 8 8 -1431 0.56177
1 146 8 9 -1528 1.25158
1 147 8 10 -1437 0.59094
1 148 8 11 -1373 0.33972
1 149 8 12 -1359 0.29750
1 150 8 13 -1480 0.85064
1 151 8 14 -1439 0.59748
1 152 8 15 -1471 0.78858
1 153 8 16 -1400 98.25600
1 162 9 8 -1512 1.10553
1 163 9 9 -1471 0.79108
1 164 9 10 -1411 0.47140
1 165 9 11 -1646 3.11714
1 166 9 12 -1438 0.59661
1 167 9 13 -1547 1.45174
1 168 9 14 -1519 28.39941
1 169 9 15 -1678 13.13080
1 170 9 16 -1400 106.28800
1 179 10 8 -1476 0.82151
1 180 10 9 -1608 4.65231
1 181 10 10 -1513 1.11304
1 182 10 11 -1595 2.12080
1 183 10 12 -1655 3.31968
1 184 10 13 -1576 1.82402
1 185 10 14 -1467 0.76434
1 186 10 15 -1508 1.06676
1 187 10 16 -1400 163.21600
1 196 11 8 -1656 3.36208
1 197 11 9 -1471 0.78594
1 198 11 10 -1647 3.13611
1 199 11 11 -1648 3.15844
1 200 11 12 -1583 1.92917
1 201 11 13 -1584 1.95727
1 202 11 14 -1374 0.34226
1 203 11 15 -1552 1.51725
1 204 11 16 -1400 145.07200
1 213 12 8 -1506 1.05093
1 214 12 9 -1487 0.89781
1 215 12 10 -1467 0.76520
1 216 12 11 -1385 0.37964
1 217 12 12 -1409 0.46194
1 218 12 13 -1448 0.64692
1 219 12 14 -1567 1.70857
1 220 12 15 -1631 2.78665
1 221 12 16 -1400 6.68771
1 230 13 8 -1559 1.60163
1 231 13 9 -1511 1.09230
1 232 13 10 -1464 0.73791
1 233 13 11 -1509 1.07930
1 234 13 12 -1684 4.12954
1 235 13 13 -1464 0.74969
1 236 13 14 -1459 0.71719
1 237 13 15 -1387 0.38357
1 238 13 16 -1400 117.85600
1 247 14 8 -1697 4.49474
1 248 14 9 -1468 0.76797
1 249 14 10 -1453 0.68105
1 250 14 11 -1452 0.66955
1 251 14 12 -1547 1.46128
1 252 14 13 -1681 4.02101
1 253 14 14 -1491 0.92941
1 254 14 15 -1556 1.57446
1 255 14 16 -1400 56.49600
1 264 15 8 -1554 1.53687
1 265 15 9 -1458 0.70443
1 266 15 10 -1536 1.33250
1 267 15 11 -1410 0.46969
1 268 15 12 -1528 1.25947
1 269 15 13 -1502 1.01623
1 270 15 14 -1570 1.73975
1 271 15 15 -1578 1.86332
1 272 15 16 -1400 18.18432
1 281 16 8 -1426 0.54001
1 282 16 9 -1673 7.58823
1 283 16 10 -1449 0.65700
1 284 16 11 -1421 0.51995
1 285 16 12 -1434 0.58024
1 286 16 13 -1343 0.26014
1 287 16 14 -1474 0.81103
1 288 16 15 -1555 1.54541
1 289 16 16 -1400 159.58400
1 298 17 8 -1624 5.25976
1 299 17 9 -1515 1.13507
1 300 17 10 -1596 2.14338
1 301 17 11 -1472 0.79403
1 302 17 12 -1457 0.69546
1 303 17 13 -1405 0.44914
1 304 17 14 -1380 0.36061
1 305 17 15 -1415 0.49096
1 306 17 16 -1400 6.88128
1 315 18 8 -1681 4.01150
1 316 18 9 -1538 1.34931
1 317 18 10 -1593 2.08982
1 318 18 11 -1422 0.52172
1 319 18 12 -1437 0.58969
1 320 18 13 -1576 1.82982
1 321 18 14 -1420 0.51157
1 322 18 15 -1612 2.43039
1 323 18 16 -1400 13.67696
1 332 19 8 -1498 0.98520
1 333 19 9 -1391 0.39872
1 334 19 10 -1397 0.41880
1 335 19 11 -1657 3.39426
1 336 19 12 -1290 0.15891
1 337 19 13 -1599 2.17364
1 338 19 14 -1381 0.36595
1 339 19 15 -1491 0.92649
1 340 19 16 -1400 0.58819
1 349 20 8 -1495 0.96559
1 350 20 9 -1608 2.34450
1 351 20 10 -1370 0.32859
1 352 20 11 -1279 0.14088
1 353 20 12 -1324 0.21785
1 354 20 13 -1493 0.95079
1 355 20 14 -1315 0.20022
1 356 20 15 -1625 2.66544
1 357 20 16 -1400 8.07943
1 366 21 8 -1464 0.74428
1 367 21 9 -1321 0.21016
1 368 21 10 -1543 1.40741
1 369 21 11 -1390 0.39702
1 370 21 12 -1317 0.20237
1 371 21 13 -1600 19.05711
1 372 21 14 -1427 0.54352
1 373 21 15 -1471 0.78672
1 374 21 16 -1400 6.02000
1 383 22 8 -1397 0.41871
1 384 22 9 -1277 0.13978
1 385 22 10 -1421 0.51640
1 386 22 11 -1521 1.18182
1 387 22 12 -1334 0.23842
1 388 22 13 -1351 0.28069
1 389 22 14 -1504 1.02645
1 390 22 15 -1529 1.26900
1 391 22 16 -1400 0.09443
1 400 23 8 -1530 1.27381
1 401 23 9 -1462 0.73219
1 402 23 10 -1361 0.30271
1 403 23 11 -1401 0.43276
1 404 23 12 -1171 0.04848
1 405 23 13 -1401 0.43524
1 406 23 14 -1307 0.18441
1 407 23 15 -1613 2.45112
1 408 23 16 -1400 3.28843
1 417 24 8 -1408 0.46225
1 418 24 9 -1269 0.12907
1 419 24 10 -1389 0.38963
1 420 24 11 -1601 2.40030
1 421 24 12 -1386 0.37911
1 422 24 13 -1534 1.32312
1 423 24 14 -1309 0.18779
1 424 24 15 -1448 0.64689
1 425 24 16 -1400 165.13600
1 426 25 0 -1496 0.96659
1 427 25 1 -1593 2.08868
1 428 25 2 -1589 2.03561
1 429 25 3 -1567 1.70581
1 430 25 4 -1597 2.15845
1 431 25 5 -1492 0.93278
1 432 25 6 -1613 2.43014
1 433 25 7 -1532 1.29449
1 434 25 8 -1388 0.38986
1 435 25 9 -1559 1.60212
1 436 25 10 -1452 0.67198
1 437 25 11 -1398 0.42395
1 438 25 12 -1414 0.48242
1 439 25 13 -1253 0.11048
1 440 25 14 -1549 1.47400
1 441 25 15 -1350 0.27529
1 442 25 16 -1400 1.03105
1 443 26 0 -1531 1.28627
1 444 26 1 -1627 2.67577
1 445 26 2 -1409 0.46433
1 446 26 3 -1469 0.77767
1 447 26 4 -1357 0.29351
1 448 26 5 -1507 1.04926
1 449 26 6 -1600 19.05711
1 450 26 7 -1506 1.05295
1 451 26 8 -1387 0.38411
1 452 26 9 -1269 0.12944
1 453 26 10 -1277 0.13843
1 454 26 11 -1382 0.36694
1 455 26 12 -1397 0.42228
1 456 26 13 -1349 0.27286
1 457 26 14 -1341 0.25307
1 458 26 15 -1423 0.52386
1 459 26 16 -1400 10.33158
1 460 27 0 -1482 0.85460
1 461 27 1 -1296 0.16654
1 462 27 2 -1393 0.40427
1 463 27 3 -1518 1.14958
1 464 27 4 -1326 0.22096
1 465 27 5 -1437 0.59333
1 466 27 6 -1417 0.49964
1 467 27 7 -1401 0.43392
1 468 27 8 -1324 0.21753
1 469 27 9 -1485 0.87752
1 470 27 10 -1343 0.26031
1 471 27 11 -1230 0.08812
1 472 27 12 -1230 0.08866
1 473 27 13 -1284 0.14904
1 474 27 14 -1600 19.05711
1 475 27 15 -1400 2.69838
1 477 28 0 -1170 0.04802
1 478 28 1 -1425 0.53333
1 479 28 2 -1193 0.06048
1 480 28 3 -1318 0.20532
1 481 28 4 -1280 0.14286
1 482 28 5 -1397 0.41962
1 483 28 6 -1600 17.57711
1 484 28 7 -1185 0.05609
1 485 28 8 -1533 1.29763
1 486 28 9 -1208 0.07069
1 487 28 10 -1216 0.07643
1 488 28 11 -1280 0.14391
1 489 28 12 -1315 0.20111
1 490 28 13 -1513 1.10852
1 491 28 14 -1400 10.04904
1 494 29 0 -1394 0.40974
1 495 29 1 -1476 0.81475
1 496 29 2 -1278 0.14019
1 497 29 3 -1211 0.07328
1 498 29 4 -1394 0.41008
1 499 29 5 -1206 0.06916
1 500 29 6 -1298 0.16965
1 501 29 7 -1235 0.09337
1 502 29 8 -1357 0.29436
1 503 29 9 -1364 0.31235
1 504 29 10 -1221 0.08060
1 505 29 11 -1346 0.26670
1 506 29 12 -1391 0.39840
1 507 29 13 -1400 6.19344
1 511 30 0 -1313 0.19481
1 512 30 1 -1360 0.29974
1 513 30 2 -1210 0.07176
1 514 30 3 -1313 0.19638
1 515 30 4 -1269 0.12873
1 516 30 5 -1319 0.20719
1 517 30 6 -1285 0.15071
1 518 30 7 -1374 0.34304
1 519 30 8 -1297 0.16847
1 520 30 9 -1443 0.62102
1 521 30 10 -1261 0.11902
1 522 30 11 -1519 1.16874
1 523 30 12 -1400 0.01417
1 528 31 0 -1600 19.05711
1 529 31 1 -1261 0.12012
1 530 31 2 -1224 0.08321
1 531 31 3 -1230 0.08848
1 532 31 4 -1243 0.10042
1 533 31 5 -1384 0.37303
1 534 31 6 -1327 0.22435
1 535 31 7 -1277 0.13985
1 536 31 8 -1241 0.09834
1 537 31 9 -1401 0.43407
1 538 31 10 -1359 0.29973
1 539 31 11 -1400 0.00259
1 545 32 0 -1279 0.14272
1 546 32 1 -1373 0.33869
1 547 32 2 -1361 0.30378
1 548 32 3 -1472 0.79472
1 549 32 4 -1230 0.08793
1 550 32 5 -1254 0.11203
1 551 32 6 -1412 0.47793
1 552 32 7 -1306 0.18303
1 553 32 8 -1269 0.12933
1 554 32 9 -1295 0.16597
1 555 32 10 -1400 0.04359
1 562 33 0 -1400 0.24858
1 563 33 1 -1400 0.00359
1 564 33 2 -1400 0.39002
1 565 33 3 -1400 0.00176
1 566 33 4 -1400 0.00055
1 567 33 5 -1400 1.18480
1 568 33 6 -1400 1.19009
1 569 33 7 -1400 0.51649
1 570 33 8 -1400 0.01076
1 571 33 9 -1400 0.09645
2 1 0 0 -1400 64.89122
2 2 0 1 -1400 64.95149
2 3 0 2 -1400 128.35200
2 4 0 3 -1400 35.28376
2 5 0 4 -1400 66.25080
2 6 0 5 -1400 72.60800
2 7 0 6 -1400 127.76000
2 8 0 7 -1400 98.11200
2 9 0 8 -1400 79.95200
2 10 0 9 -1400 147.72800
2 18 1 0 -1382 0.36600
2 19 1 1 -1294 0.16400
2 20 1 2 -1330 0.23000
2 21 1 3 -1379 0.35600
2 22 1 4 -1403 0.44200
2 23 1 5 -1478 0.83549
2 24 1 6 -1542 1.38977
2 25 1 7 -1371 0.33447
2 26 1 8 -1521 1.18406
2 27 1 9 -1471 0.78839
2 28 1 10 -1400 4.35337
2 35 2 0 -1357 0.29300
2 36 2 1 -1497 0.97600
2 37 2 2 -1526 1.23300
2 38 2 3 -1454 0.68600
2 39 2 4 -1332 0.23400
2 40 2 5 -1364 0.31200
2 41 2 6 -1571 1.76200
2 42 2 7 -1462 0.73000
2 43 2 8 -1416 0.49600
2 44 2 9 -1639 2.96700
2 45 2 10 -1700 7.68300
2 46 2 11 -1400 6.24800
2 52 3 0 -1458 0.70629
2 53 3 1 -1330 0.22900
2 54 3 2 -1418 0.50200
2 55 3 3 -1342 0.25700
2 56 3 4 -1326 0.22200
2 57 3 5 -1366 0.31900
2 58 3 6 -1505 1.04200
2 59 3 7 -1484 0.88238
2 60 3 8 -1498 0.98762
2 61 3 9 -1617 2.49434
2 62 3 10 -1700 6.27000
2 63 3 11 -1492 0.93500
2 64 3 12 -1400 0.68000
2 69 4 0 -1499 0.99301
2 70 4 1 -1384 0.37381
2 71 4 2 -1189 0.05865
2 72 4 3 -1271 0.13197
2 73 4 4 -1409 0.46747
2 74 4 5 -1292 0.16054
2 75 4 6 -1536 5.76434
2 76 4 7 -1482 0.86200
2 77 4 8 -1451 0.66700
2 78 4 9 -1502 1.02000
2 79 4 10 -1637 2.91600
2 80 4 11 -1518 1.16207
2 81 4 12 -1432 0.57275
2 82 4 13 -1400 26.78519
2 86 5 0 -1406 0.45349
2 87 5 1 -1240 0.09783
2 88 5 2 -1260 0.11903
2 89 5 3 -1506 1.05002
2 90 5 4 -1249 0.10720
2 91 5 5 -1523 1.20429
2 92 5 6 -1222 0.08152
2 93 5 7 -1434 0.57475
2 94 5 8 -1513 1.11091
2 95 5 9 -1642 3.03268
2 96 5 10 -1585 1.95868
2 97 5 11 -1333 0.23625
2 98 5 12 -1455 0.69212
2 99 5 13 -1674 12.80524
2 100 5 14 -1400 27.39280
2 103 6 0 -1459 0.71239
2 104 6 1 -1254 0.11187
2 105 6 2 -1260 0.11959
2 106 6 3 -1285 0.15149
2 107 6 4 -1630 2.98000
2 108 6 5 -1292 0.16246
2 109 6 6 -1406 0.45744
2 110 6 7 -1328 0.22679
2 111 6 8 -1292 0.16012
2 112 6 9 -1501 1.01406
2 113 6 10 -1464 0.74207
2 114 6 11 -1378 0.89832
2 115 6 12 -1270 0.13178
2 116 6 13 -1430 0.55633
2 117 6 14 -1323 0.21456
2 118 6 15 -1400 216.97600
2 120 7 0 -1309 0.18911
2 121 7 1 -1314 0.19802
2 122 7 2 -1409 0.46535
2 123 7 3 -1186 0.05661
2 124 7 4 -1176 0.05098
2 125 7 5 -1451 0.66444
2 126 7 6 -1308 0.18800
2 127 7 7 -1453 0.67900
2 128 7 8 -1645 3.09900
2 129 7 9 -1686 4.16266
2 130 7 10 -1501 1.00839
2 131 7 11 -1400 0.42825
2 132 7 12 -1644 3.08962
2 133 7 13 -1649 3.19363
2 134 7 14 -1495 0.95531
2 135 7 15 -1632 2.79961
2 136 7 16 -1400 176.92800
2 137 8 0 -1313 0.19700
2 138 8 1 -1601 2.21200
2 139 8 2 -1295 0.16600
2 140 8 3 -1383 0.37000
2 141 8 4 -1397 0.41800
2 142 8 5 -1501 1.01100
2 143 8 6 -1583 1.92900
2 144 8 7 -1682 4.07000
2 145 8 8 -1428 0.54600
2 146 8 9 -1687 4.21300
2 147 8 10 -1448 0.65100
2 148 8 11 -1536 1.33400
2 149 8 12 -1659 3.43700
2 150 8 13 -1457 0.70300
2 151 8 14 -1543 1.41500
2 152 8 15 -1646 3.12500
2 153 8 16 -1400 43.36222
2 162 9 8 -1591 2.05700
2 163 9 9 -1471 0.79000
2 164 9 10 -1380 0.36000
2 165 9 11 -1581 1.90300
2 166 9 12 -1634 2.85000
2 167 9 13 -1700 7.73400
2 168 9 14 -1565 1.68100
2 169 9 15 -1614 2.45300
2 170 9 16 -1400 1.33100
2 179 10 8 -1521 16.11414
2 180 10 9 -1410 0.47133
2 181 10 10 -1408 0.46368
2 182 10 11 -1370 0.33002
2 183 10 12 -1448 0.65201
2 184 10 13 -1520 1.18395
2 185 10 14 -1499 0.99493
2 186 10 15 -1614 2.44823
2 187 10 16 -1400 11.22300
2 196 11 8 -1686 8.40776
2 197 11 9 -1605 2.29366
2 198 11 10 -1487 0.89646
2 199 11 11 -1406 0.45359
2 200 11 12 -1457 0.70052
2 201 11 13 -1325 0.21905
2 202 11 14 -1611 2.40609
2 203 11 15 -1397 0.41967
2 204 11 16 -1400 156.03200
2 213 12 8 -1454 0.68600
2 214 12 9 -1575 1.82000
2 215 12 10 -1414 0.48600
2 216 12 11 -1522 1.19478
2 217 12 12 -1459 0.71101
2 218 12 13 -1548 1.46366
2 219 12 14 -1524 1.21778
2 220 12 15 -1600 19.05711
2 221 12 16 -1400 81.34400
2 230 13 8 -1642 3.02100
2 231 13 9 -1656 3.34400
2 232 13 10 -1410 0.46998
2 233 13 11 -1451 0.66800
2 234 13 12 -1621 2.57600
2 235 13 13 -1426 0.53900
2 236 13 14 -1471 0.78500
2 237 13 15 -1700 7.00700
2 238 13 16 -1400 7.57600
2 247 14 8 -1642 3.01200
2 248 14 9 -1534 1.31803
2 249 14 10 -1582 1.92300
2 250 14 11 -1529 1.26800
2 251 14 12 -1523 1.20800
2 252 14 13 -1614 2.45600
2 253 14 14 -1537 1.35200
2 254 14 15 -1645 3.08900
2 255 14 16 -1400 4.74400
2 264 15 8 -1560 1.61399
2 265 15 9 -1438 0.59800
2 266 15 10 -1700 5.00000
2 267 15 11 -1500 1.00400
2 268 15 12 -1435 0.58300
2 269 15 13 -1578 1.86200
2 270 15 14 -1380 0.36269
2 271 15 15 -1477 0.83000
2 272 15 16 -1400 1.51500
2 281 16 8 -1559 1.59800
2 282 16 9 -1370 0.32900
2 283 16 10 -1547 1.46300
2 284 16 11 -1700 6.85400
2 285 16 12 -1390 0.39300
2 286 16 13 -1403 0.44000
2 287 16 14 -1609 2.36200
2 288 16 15 -1611 2.40100
2 289 16 16 -1400 1.89100
2 298 17 8 -1386 0.37900
2 299 17 9 -1408 0.46200
2 300 17 10 -1400 0.43100
2 301 17 11 -1460 0.71600
2 302 17 12 -1436 0.58900
2 303 17 13 -1512 1.10300
2 304 17 14 -1561 1.63100
2 305 17 15 -1483 0.87200
2 306 17 16 -1400 1.17600
2 315 18 8 -1449 0.65700
2 316 18 9 -1480 0.85200
2 317 18 10 -1519 1.17000
2 318 18 11 -1414 0.48500
2 319 18 12 -1300 0.17300
2 320 18 13 -1442 0.61800
2 321 18 14 -1550 1.49800
2 322 18 15 -1610 2.37900
2 323 18 16 -1400 8.76900
2 332 19 8 -1376 0.34700
2 333 19 9 -1482 0.86000
2 334 19 10 -1395 0.41000
2 335 19 11 -1428 0.54700
2 336 19 12 -1429 0.55400
2 337 19 13 -1540 1.38200
2 338 19 14 -1453 0.67800
2 339 19 15 -1519 1.16500
2 340 19 16 -1400 7.27800
2 349 20 8 -1476 0.82200
2 350 20 9 -1550 1.49900
2 351 20 10 -1385 0.37800
2 352 20 11 -1545 1.43900
2 353 20 12 -1475 0.81400
2 354 20 13 -1521 1.18200
2 355 20 14 -1380 0.36100
2 356 20 15 -1554 1.53800
2 357 20 16 -1400 8.14400
2 366 21 8 -1666 3.60700
2 367 21 9 -1426 0.53800
2 368 21 10 -1562 1.64300
2 369 21 11 -1274 0.13600
2 370 21 12 -1445 0.63100
2 371 21 13 -1527 1.24100
2 372 21 14 -1462 0.72800
2 373 21 15 -1443 0.62000
2 374 21 16 -1400 6.21900
2 383 22 8 -1453 0.67500
2 384 22 9 -1563 1.65000
2 385 22 10 -1399 0.42700
2 386 22 11 -1380 0.36200
2 387 22 12 -1412 0.47700
2 388 22 13 -1358 0.29600
2 389 22 14 -1393 0.40300
2 390 22 15 -1671 3.74000
2 391 22 16 -1400 1.64200
2 400 23 8 -1460 0.71858
2 401 23 9 -1421 0.51765
2 402 23 10 -1184 0.05563
2 403 23 11 -1489 0.91769
2 404 23 12 -1459 0.71200
2 405 23 13 -1484 0.87800
2 406 23 14 -1614 2.44600
2 407 23 15 -1480 0.84700
2 408 23 16 -1400 3.29200
2 417 24 8 -1591 2.05750
2 418 24 9 -1563 1.65071
2 419 24 10 -1360 0.30003
2 420 24 11 -1501 1.01000
2 421 24 12 -1353 0.28300
2 422 24 13 -1515 1.13300
2 423 24 14 -1365 0.31500
2 424 24 15 -1467 0.76178
2 425 24 16 -1400 60.02183
2 426 25 0 -1600 76.22845
2 427 25 1 -1700 4.68600
2 428 25 2 -1700 19.76200
2 429 25 3 -1482 0.86500
2 430 25 4 -1671 8.11318
2 431 25 5 -1511 1.08948
2 432 25 6 -1644 3.04091
2 433 25 7 -1433 0.57228
2 434 25 8 -1378 0.35395
2 435 25 9 -1423 0.52877
2 436 25 10 -1435 0.58100
2 437 25 11 -1426 0.53800
2 438 25 12 -1386 0.38000
2 439 25 13 -1466 0.75800
2 440 25 14 -1411 0.47400
2 441 25 15 -1447 0.64200
2 442 25 16 -1400 96.86400
2 443 26 0 -1359 0.30000
2 444 26 1 -1371 0.33300
2 445 26 2 -1363 0.30900
2 446 26 3 -1430 0.55382
2 447 26 4 -1331 0.23257
2 448 26 5 -1497 0.97880
2 449 26 6 -1302 0.17799
2 450 26 7 -1349 0.27059
2 451 26 8 -1533 1.30000
2 452 26 9 -1427 0.54500
2 453 26 10 -1408 0.46100
2 454 26 11 -1421 0.51600
2 455 26 12 -1424 0.52800
2 456 26 13 -1509 1.08254
2 457 26 14 -1434 0.57642
2 458 26 15 -1514 1.12826
2 459 26 16 -1400 30.68966
2 460 27 0 -1427 0.54374
2 461 27 1 -1491 0.93427
2 462 27 2 -1292 0.16110
2 463 27 3 -1291 0.15935
2 464 27 4 -1273 0.13500
2 465 27 5 -1320 0.20900
2 466 27 6 -1596 2.13500
2 467 27 7 -1363 0.31000
2 468 27 8 -1266 0.12600
2 469 27 9 -1289 0.15689
2 470 27 10 -1238 0.09639
2 471 27 11 -1400 0.42984
2 472 27 12 -1228 0.08685
2 473 27 13 -1360 0.30014
2 474 27 14 -1305 0.18200
2 475 27 15 -1400 1.85200
2 477 28 0 -1434 0.57441
2 478 28 1 -1499 0.99684
2 479 28 2 -1263 0.12256
2 480 28 3 -1234 0.09159
2 481 28 4 -1350 0.27477
2 482 28 5 -1218 0.07854
2 483 28 6 -1212 0.07334
2 484 28 7 -1288 0.15449
2 485 28 8 -1298 0.17200
2 486 28 9 -1415 0.49000
2 487 28 10 -1408 0.46200
2 488 28 11 -1336 0.24200
2 489 28 12 -1342 0.25600
2 490 28 13 -1376 0.34800
2 491 28 14 -1400 0.84029
2 494 29 0 -1250 0.10709
2 495 29 1 -1424 0.52723
2 496 29 2 -1269 0.13005
2 497 29 3 -1344 0.26245
2 498 29 4 -1354 0.28439
2 499 29 5 -1436 0.68336
2 500 29 6 -1194 0.06169
2 501 29 7 -1308 0.18823
2 502 29 8 -1303 0.17834
2 503 29 9 -1289 0.15649
2 504 29 10 -1214 0.07538
2 505 29 11 -1423 0.52593
2 506 29 12 -1437 0.59186
2 507 29 13 -1400 0.86708
2 511 30 0 -1355 0.28900
2 512 30 1 -1409 0.46700
2 513 30 2 -1345 0.26262
2 514 30 3 -1246 0.10341
2 515 30 4 -1437 0.59015
2 516 30 5 -1342 0.25557
2 517 30 6 -1387 0.38300
2 518 30 7 -1279 0.14300
2 519 30 8 -1303 0.17900
2 520 30 9 -1378 0.35400
2 521 30 10 -1357 0.29300
2 522 30 11 -1458 0.70922
2 523 30 12 -1400 0.52116
2 528 31 0 -1305 0.18291
2 529 31 1 -1245 0.10254
2 530 31 2 -1222 0.08193
2 531 31 3 -1460 0.71906
2 532 31 4 -1207 0.06975
2 533 31 5 -1283 0.14827
2 534 31 6 -1378 0.35602
2 535 31 7 -1290 0.15791
2 536 31 8 -1339 0.24669
2 537 31 9 -1359 0.29800
2 538 31 10 -1442 0.61700
2 539 31 11 -1400 0.62500
2 545 32 0 -1160 0.04328
2 546 32 1 -1339 0.24909
2 547 32 2 -1240 0.09755
2 548 32 3 -1279 0.14252
2 549 32 4 -1405 0.45001
2 550 32 5 -1226 0.08499
2 551 32 6 -1243 0.10085
2 552 32 7 -1220 0.07958
2 553 32 8 -1444 0.62379
2 554 32 9 -1384 0.37155
2 555 32 10 -1400 0.70739
2 562 33 0 -1400 0.20240
2 563 33 1 -1400 0.38569
2 564 33 2 -1400 0.01768
2 565 33 3 -1400 0.47772
2 566 33 4 -1400 0.01464
2 567 33 5 -1400 0.05161
2 568 33 6 -1400 0.08532
2 569 33 7 -1400 0.34593
2 570 33 8 -1400 0.36147
2 571 33 9 -1400 0.01381
