3 1 0 0 60 0.38045
3 2 0 1 99 0.64675
3 3 0 2 6C 0.42133
3 4 0 3 77 0.46506
3 5 0 4 AE 0.67617
3 6 0 5 AC 0.63242
3 7 0 6 F5 4.13362
3 8 0 7 FF 47.01068
3 9 0 8 F8 31.48000
3 10 0 9 F1 3.60608
3 11 0 10 F8 18.22780
3 12 0 11 FD 21.31014
3 13 1 0 BE 0.97121
3 14 1 1 37 0.12062
3 15 1 2 6B 0.42043
3 16 1 3 8D 0.57144
3 17 1 4 80 0.25773
3 18 1 5 B2 0.71948
3 19 1 6 D5 1.67692
3 20 1 7 EE 3.52451
3 21 1 8 EA 6.17935
3 22 1 9 F5 19.04352
3 23 1 10 F5 12.13785
3 24 1 11 EA 11.50046
3 25 2 0 52 0.05678
3 26 2 1 31 0.26294
3 27 2 2 79 0.47402
3 28 2 3 AF 0.82610
3 29 2 4 68 0.16692
3 30 2 5 A5 0.54407
3 31 2 6 E5 2.63229
3 32 2 7 EC 3.26099
3 33 2 8 EB 6.20156
3 34 2 9 E3 2.55281
3 35 2 10 F3 4.02854
3 36 2 11 FA 20.26633
3 37 3 0 2D 0.08970
3 38 3 1 3C 0.14360
3 39 3 2 2F 0.26133
3 40 3 3 82 0.51618
3 41 3 4 6B 0.17735
3 42 3 5 99 0.41048
3 43 3 6 97 0.40938
3 44 3 7 FF 47.01068
3 45 3 8 B2 0.71643
3 46 3 9 F3 3.96884
3 47 3 10 F2 3.82910
3 48 3 11 7A 0.27431
3 49 4 0 4C 0.13577
3 50 4 1 30 0.12542
3 51 4 2 3A 0.04092
3 52 4 3 70 0.43702
3 53 4 4 8E 0.34204
3 54 4 5 69 0.17133
3 55 4 6 84 0.27398
3 56 4 7 E2 2.45489
3 57 4 8 BF 0.98417
3 58 4 9 EC 3.19910
3 59 4 10 F0 11.59154
3 60 4 11 F7 46.27157
3 61 5 0 E 0.20683
3 62 5 1 4C 0.01193
3 63 5 2 46 0.15532
3 64 5 3 1C 0.11661
3 65 5 4 23 0.05872
3 66 5 5 26 0.06029
3 67 5 6 6F 0.18899
3 68 5 7 4F 0.11059
3 69 5 8 86 0.28934
3 70 5 9 E9 3.00557
3 71 5 10 FD 75.48000
3 72 5 11 E0 2.29180
3 73 6 0 3A 0.06532
3 74 6 1 4B 0.07917
3 75 6 2 51 0.16872
3 76 6 3 0 0.02356
3 77 6 4 10 0.02247
3 78 6 5 3C 0.08276
3 79 6 6 68 0.16972
3 80 6 7 A0 0.48856
3 81 6 8 AC 0.63102
3 82 6 9 8C 0.32809
3 83 6 10 9F 0.48318
3 84 6 11 A0 0.49225
3 90 7 5 A2 0.50934
3 91 7 6 63 0.15320
3 92 7 7 4E 0.11016
3 93 7 8 B4 0.73955
3 94 7 9 A7 0.57280
3 95 7 10 DF 2.22111
3 96 7 11 D0 1.50148
3 102 8 5 6B 0.41415
3 103 8 6 C8 1.08977
3 104 8 7 D1 1.25131
3 105 8 8 82 0.51495
3 106 8 9 7E 0.49779
3 107 8 10 FE 7.30261
3 108 8 11 A6 0.74374
3 114 9 5 7A 0.47663
3 115 9 6 C4 1.05206
3 116 9 7 E7 1.65225
3 117 9 8 B7 0.89692
3 118 9 9 44 0.30432
3 119 9 10 E0 1.51492
3 120 9 11 CB 1.14446
3 126 10 5 4 0.11085
3 127 10 6 44 0.30407
3 128 10 7 FF 19.54000
3 129 10 8 51 0.33672
3 130 10 9 AF 0.82199
3 131 10 10 5 0.19474
3 132 10 11 EF 7.67702
3 138 11 5 19 0.05561
3 139 11 6 98 0.64601
3 140 11 7 BC 0.95123
3 141 11 8 C3 1.03646
3 142 11 9 28 0.24800
3 143 11 10 C3 1.03118
3 144 11 11 C1 1.01283
3 150 12 5 A8 0.75539
3 151 12 6 D2 5.10507
3 152 12 7 DD 1.45187
3 153 12 8 FC 18.71933
3 154 12 9 0 125.00000
3 155 12 10 7 0.19888
3 156 12 11 C8 1.10248
3 162 13 5 60 0.35897
3 163 13 6 D0 1.21364
3 164 13 7 FF 4.86359
3 165 13 8 E3 6.35047
3 166 13 9 17 0.22004
3 167 13 10 0 0.02353
3 168 13 11 F3 1.99822
3 174 14 5 43 0.14974
3 175 14 6 FF 19.29120
3 176 14 7 FF 160.00000
3 177 14 8 D3 2.54934
3 178 14 9 D8 2.68711
3 179 14 10 34 0.13344
3 180 14 11 E9 6.90348
3 186 15 5 0 0.02358
3 187 15 6 F7 4.25629
3 188 15 7 9A 0.65478
3 189 15 8 6B 0.41899
3 190 15 9 BE 0.97783
3 191 15 10 ED 39.22962
3 192 15 11 EC 7.26540
3 198 16 5 FD 22.35000
3 199 16 6 FF 47.01070
3 200 16 7 FD 6.24798
3 201 16 8 B5 0.78128
3 202 16 9 D2 1.57517
3 203 16 10 0 20.00000
3 204 16 11 FB 5.74649
3 205 17 0 FF 125.75200
3 206 17 1 FF 40.00000
3 207 17 2 FF 40.00000
3 208 17 3 FF 40.00000
3 209 17 4 FA 20.00000
3 210 17 5 FF 47.01070
3 211 17 6 DF 2.20679
3 212 17 7 0 20.00000
3 213 17 8 A4 0.53684
3 214 17 9 9F 0.48471
3 215 17 10 0 50.00000
3 216 17 11 AD 0.65225
3 217 18 0 D1 43.06625
3 218 18 1 FF 160.00000
3 219 18 2 DD 2.87692
3 220 18 3 EF 31.15000
3 221 18 4 FF 47.01068
3 222 18 5 FF 47.01068
3 223 18 6 EE 3.41460
3 224 18 7 A0 0.48352
3 225 18 8 C3 1.07101
3 226 18 9 FB 22.43792
3 227 18 10 EF 3.42500
3 228 18 11 F0 3.70356
3 229 19 0 FF 85.25600
3 230 19 1 E4 11.77110
3 231 19 2 F3 2.00162
3 232 19 3 FF 40.00000
3 233 19 4 DC 2.07058
3 234 19 5 A9 0.58276
3 235 19 6 B7 0.81326
3 236 19 7 BB 0.87834
3 237 19 8 DD 2.05406
3 238 19 9 EE 7.50918
3 239 19 10 FF 47.01068
3 240 19 11 F6 13.11687
3 241 20 0 DA 41.61190
3 242 20 1 D4 26.25338
3 243 20 2 FD 18.78755
3 244 20 3 F1 23.29992
3 245 20 4 F2 3.83382
3 246 20 5 F5 81.40482
3 247 20 6 B3 0.73220
3 248 20 7 CF 1.41163
3 249 20 8 F7 4.65851
3 250 20 9 ED 3.24590
3 251 20 10 F6 9.00784
3 252 20 11 AB 0.61967
3 253 21 0 D6 34.88000
3 254 21 1 FF 32.00000
3 255 21 2 F3 2.01833
3 256 21 3 E0 11.89201
3 257 21 4 B0 0.69572
3 258 21 5 D2 1.53308
3 259 21 6 FA 4.99329
3 260 21 7 FC 15.56542
3 261 21 8 FE 5.89742
3 262 21 9 FF 47.01070
3 263 21 10 FE 22.47111
3 264 21 11 EE 6.76569
3 265 22 0 D1 78.06131
3 266 22 1 FF 113.85600
3 267 22 2 9F 0.69228
3 268 22 3 DB 5.68060
3 269 22 4 A4 0.53160
3 270 22 5 C1 1.02868
3 271 22 6 FB 5.15325
3 272 22 7 FB 13.20060
3 273 22 8 FA 47.97619
3 274 22 9 EE 23.50023
3 275 22 10 FB 68.44701
3 276 22 11 F4 4.15202
3 277 23 0 C9 1.10867
3 278 23 1 D5 2.60215
3 279 23 2 C4 1.04920
3 280 23 3 D7 1.34272
3 281 23 4 AF 0.66359
3 282 23 5 75 0.20872
3 283 23 6 FF 35.20809
3 284 23 7 EF 3.47143
3 285 23 8 EC 9.20995
3 286 23 9 F8 48.70954
3 287 23 10 FF 73.84800
3 288 23 11 94 0.38598
4 1 0 0 88 0.54808
4 2 0 1 59 0.35754
4 3 0 2 8C 0.56903
4 4 0 3 D1 1.23250
4 5 0 4 12 0.01146
4 6 0 5 B4 0.75046
4 7 0 6 F7 122.08000
4 8 0 7 F0 8.77667
4 9 0 8 FF 160.00000
4 10 0 9 FC 144.44000
4 11 0 10 F0 90.59936
4 12 0 11 FF 46.58499
4 13 1 0 2E 0.25765
4 14 1 1 7E 0.49777
4 15 1 2 E1 6.33000
4 16 1 3 44 0.30448
4 17 1 4 94 0.37984
4 18 1 5 97 0.40702
4 19 1 6 E1 2.36913
4 20 1 7 DA 1.90294
4 21 1 8 F6 4.42373
4 22 1 9 F5 28.76467
4 23 1 10 EB 6.34968
4 24 1 11 F0 9.65706
4 25 2 0 59 0.04645
4 26 2 1 66 0.40080
4 27 2 2 51 0.33612
4 28 2 3 A2 0.70799
4 29 2 4 C0 0.97042
4 30 2 5 98 0.42234
4 31 2 6 C8 1.21798
4 32 2 7 F8 28.77853
4 33 2 8 F7 4.57682
4 34 2 9 F7 4.55985
4 35 2 10 EB 30.05352
4 36 2 11 F9 12.09466
4 37 3 0 54 0.34555
4 38 3 1 41 0.29741
4 39 3 2 4A 0.31881
4 40 3 3 84 0.52674
4 41 3 4 7D 0.24239
4 42 3 5 A2 0.50769
4 43 3 6 A2 0.51366
4 44 3 7 A0 0.49336
4 45 3 8 CA 1.26607
4 46 3 9 D2 1.59334
4 47 3 10 F7 9.74551
4 48 3 11 ED 6.64823
4 49 4 0 78 0.46856
4 50 4 1 57 0.35250
4 51 4 2 C4 1.04100
4 52 4 3 73 0.45116
4 53 4 4 4D 0.10829
4 54 4 5 76 0.21472
4 55 4 6 71 0.19843
4 56 4 7 97 0.39159
4 57 4 8 9B 0.43637
4 58 4 9 FA 10.00000
4 59 4 10 FC 26.05286
4 60 4 11 EA 6.17512
4 61 5 0 EC 3.60180
4 62 5 1 B0 0.82319
4 63 5 2 31 0.03141
4 64 5 3 C 0.10141
4 65 5 4 12 0.04581
4 66 5 5 92 0.36924
4 67 5 6 8D 0.33013
4 68 5 7 BF 0.95647
4 69 5 8 A5 0.54274
4 70 5 9 F5 4.14841
4 71 5 10 F6 4.37376
4 72 5 11 F8 51.20080
4 73 6 0 19 0.22123
4 74 6 1 24 0.22090
4 75 6 2 48 0.15720
4 76 6 3 6 0.03088
4 77 6 4 5A 0.13310
4 78 6 5 50 0.11319
4 79 6 6 B1 0.69723
4 80 6 7 FF 47.01070
4 81 6 8 D4 1.66280
4 82 6 9 D5 1.68115
4 83 6 10 BE 0.96428
4 84 6 11 F3 4.05863
4 90 7 5 96 0.39113
4 91 7 6 78 0.22166
4 92 7 7 DB 2.01480
4 93 7 8 A6 0.54597
4 94 7 9 D2 1.58971
4 95 7 10 D2 1.59275
4 96 7 11 E6 2.98635
4 102 8 5 F9 10.37526
4 103 8 6 BB 0.94596
4 104 8 7 ED 14.95115
4 105 8 8 CD 1.16440
4 106 8 9 81 0.50988
4 107 8 10 6C 0.42516
4 108 8 11 DC 5.30166
4 114 9 5 8A 0.55018
4 115 9 6 E9 56.58284
4 116 9 7 F5 7.69189
4 117 9 8 D6 1.33687
4 118 9 9 D0 10.00000
4 119 9 10 47 0.30996
4 120 9 11 F2 1.99372
4 126 10 5 A6 0.74340
4 127 10 6 77 0.46396
4 128 10 7 BB 0.93734
4 129 10 8 93 0.60964
4 130 10 9 AE 0.81210
4 131 10 10 66 0.39849
4 132 10 11 F2 1.97125
4 138 11 5 CE 1.19738
4 139 11 6 97 0.63077
4 140 11 7 6C 0.41913
4 141 11 8 8E 0.58086
4 142 11 9 FA 3.33305
4 143 11 10 D6 1.32129
4 144 11 11 D5 1.30856
4 150 12 5 F1 15.34556
4 151 12 6 F1 1.99570
4 152 12 7 C3 1.03888
4 153 12 8 C0 1.06297
4 154 12 9 9E 0.68761
4 155 12 10 B6 0.89752
4 156 12 11 D8 1.36964
4 162 13 5 B4 0.86861
4 163 13 6 43 0.30104
4 164 13 7 FA 9.71823
4 165 13 8 D0 3.23650
4 166 13 9 E0 2.31879
4 167 13 10 C0 1.00126
4 168 13 11 9F 0.68206
4 174 14 5 F3 2.23822
4 175 14 6 F9 22.35713
4 176 14 7 F5 7.38462
4 177 14 8 B3 0.85764
4 178 14 9 FD 3.69418
4 179 14 10 7F 0.49763
4 180 14 11 E5 1.95485
4 186 15 5 F1 1.94864
4 187 15 6 F4 6.47446
4 188 15 7 D5 3.44832
4 189 15 8 FF 4.89151
4 190 15 9 A2 0.70685
4 191 15 10 EB 1.75750
4 192 15 11 C2 1.02607
4 198 16 5 FA 10.00000
4 199 16 6 C9 1.23394
4 200 16 7 FF 47.64737
4 201 16 8 0 0.00465
4 202 16 9 BF 0.98095
4 203 16 10 DB 1.98816
4 204 16 11 9A 0.43123
4 205 17 0 FF 40.00000
4 206 17 1 FF 31.70400
4 207 17 2 FC 51.41750
4 208 17 3 FF 82.02400
4 209 17 4 EF 7.11968
4 210 17 5 F5 5.30986
4 211 17 6 D2 1.59111
4 212 17 7 DE 2.12229
4 213 17 8 72 0.20076
4 214 17 9 BD 0.92439
4 215 17 10 B5 0.76776
4 216 17 11 D0 1.49801
4 217 18 0 52 0.33881
4 218 18 1 FF 73.61600
4 219 18 2 FF 160.00000
4 220 18 3 FF 160.00000
4 221 18 4 FF 47.01068
4 222 18 5 C2 1.05665
4 223 18 6 BA 0.85893
4 224 18 7 C6 1.12394
4 225 18 8 0 20.00000
4 226 18 9 F8 24.58870
4 227 18 10 FF 47.01068
4 228 18 11 EC 7.47340
4 229 19 0 9B 0.66485
4 230 19 1 D3 2.55191
4 231 19 2 EF 6.59867
4 232 19 3 FF 40.00000
4 233 19 4 BB 0.87416
4 234 19 5 9D 0.45616
4 235 19 6 0 20.00000
4 236 19 7 A6 0.55638
4 237 19 8 B5 0.77798
4 238 19 9 F2 3.83803
4 239 19 10 FA 39.44196
4 240 19 11 F2 15.21011
4 241 20 0 FF 40.00000
4 242 20 1 D3 28.20171
4 243 20 2 ED 3.64966
4 244 20 3 E6 4.14498
4 245 20 4 FA 39.53598
4 246 20 5 FB 14.15356
4 247 20 6 A7 0.57197
4 248 20 7 DC 2.06215
4 249 20 8 EE 45.01421
4 250 20 9 F5 12.25845
4 251 20 10 FE 31.92106
4 252 20 11 FE 31.39200
4 253 21 0 F1 17.46543
4 254 21 1 CE 1.19381
4 255 21 2 73 0.44699
4 256 21 3 EB 4.29915
4 257 21 4 B9 0.86216
4 258 21 5 0 20.00000
4 259 21 6 F3 27.58148
4 260 21 7 EC 10.75891
4 261 21 8 ED 14.96097
4 262 21 9 FF 47.01068
4 263 21 10 FC 14.93536
4 264 21 11 F2 53.56000
4 265 22 0 F0 8.52425
4 266 22 1 F4 4.24900
4 267 22 2 FF 118.51200
4 268 22 3 D6 1.32611
4 269 22 4 AE 0.66153
4 270 22 5 8E 0.33601
4 271 22 6 EE 3.34275
4 272 22 7 F2 3.84368
4 273 22 8 E2 2.39512
4 274 22 9 FE 16.14291
4 275 22 10 F9 15.24511
4 276 22 11 F1 3.68435
4 277 23 0 BC 0.95661
4 278 23 1 A4 0.72063
4 279 23 2 C9 1.11454
4 280 23 3 75 0.45344
4 281 23 4 0 0.00456
4 282 23 5 EF 7.07289
4 283 23 6 F3 3.97743
4 284 23 7 F9 4.80397
4 285 23 8 E4 2.60959
4 286 23 9 F9 125.94803
4 287 23 10 FF 57.52800
4 288 23 11 5 0.00487
