1 0 0 1.148577 12.230000
1 0 1 1.702262 12.230000
1 0 2 1.109447 12.230000
1 0 3 3.263384 12.230000
1 0 4 1.000000 12.230000
1 0 5 1.697702 12.230000
1 0 6 0.701160 12.230000
1 0 7 1.118910 12.230000
1 0 8 1.000000 12.230000
1 0 9 1.000000 12.230000
1 1 0 3.350054 12.230000
1 1 1 1.000000 12.230000
1 1 2 1.766286 12.230000
1 1 3 18.582202 12.230000
1 1 4 1.000000 12.230000
1 1 5 0.884692 12.230000
1 1 6 2.033857 12.230000
1 1 7 0.493902 12.230000
1 1 8 1.000000 12.230000
1 1 9 1.760542 12.230000
1 1 10 1.000000 12.230000
1 2 0 1.000000 12.230000
1 2 1 1.971927 12.230000
1 2 2 2.896511 12.230000
1 2 3 7.157633 12.230000
1 2 4 2.616988 12.230000
1 2 5 4.459899 12.230000
1 2 6 6.151606 12.230000
1 2 7 2.060635 12.230000
1 2 8 3.349304 12.230000
1 2 9 1.529952 12.230000
1 2 10 1.094196 12.230000
1 2 11 1.475419 12.230000
1 3 0 1.452020 12.230000
1 3 1 13.014376 12.230000
1 3 2 21.305274 12.230000
1 3 3 12.328767 12.230000
1 3 4 6.656518 12.230000
1 3 5 3.977800 12.230000
1 3 6 5.598037 12.230000
1 3 7 17.887979 12.230000
1 3 8 1.000000 12.230000
1 3 9 1.429516 12.230000
1 3 10 0.549062 12.230000
1 3 11 0.446182 12.230000
1 3 12 0.721771 12.230000
1 4 0 1.299531 12.230000
1 4 1 1.942485 12.230000
1 4 2 7.078787 12.230000
1 4 3 0.521418 12.230000
1 4 4 1.000000 12.230000
1 4 5 10.698848 12.230000
1 4 6 2.922200 12.230000
1 4 7 1.000000 12.230000
1 4 8 1.000000 12.230000
1 4 9 1.000000 12.230000
1 4 10 1.000000 12.230000
1 4 11 1.000000 12.230000
1 4 12 1.000000 12.230000
1 4 13 0.688129 12.230000
1 5 0 1.000000 12.230000
1 5 1 12.915348 12.230000
1 5 2 7.743983 12.230000
1 5 3 11.521445 12.230000
1 5 4 1.029187 12.230000
1 5 5 8.618971 12.230000
1 5 6 1.089182 12.230000
1 5 7 1.086058 12.230000
1 5 8 1.525060 12.230000
1 5 9 1.000000 12.230000
1 5 10 1.000000 12.230000
1 5 11 1.000000 12.230000
1 5 12 1.000000 12.230000
1 5 13 1.000000 12.230000
1 5 14 1.105878 12.230000
1 6 0 2.869178 12.230000
1 6 1 20.872345 12.230000
1 6 2 6.194617 12.230000
1 6 3 33.563933 12.230000
1 6 4 7.448346 12.230000
1 6 5 3.571462 12.230000
1 6 6 0.705254 12.230000
1 6 7 1.296986 12.230000
1 6 8 1.000000 12.230000
1 6 9 1.000000 12.230000
1 6 10 1.000000 12.230000
1 6 11 1.000000 12.230000
1 6 12 1.000000 12.230000
1 6 13 1.000000 12.230000
1 6 14 1.000000 12.230000
1 6 15 1.146033 12.230000
1 7 0 8.237546 12.230000
1 7 1 0.918248 12.230000
1 7 2 1.268148 12.230000
1 7 3 1.709045 12.230000
1 7 4 0.944815 12.230000
1 7 5 4.464522 12.230000
1 7 6 2.791161 12.230000
1 7 7 0.577887 12.230000
1 7 8 2.034516 12.230000
1 7 9 0.441496 12.230000
1 7 10 0.041133 12.230000
1 7 11 0.206713 12.230000
1 7 12 0.896773 12.230000
1 7 13 0.221141 12.230000
1 7 14 0.578232 12.230000
1 7 15 1.000000 12.230000
1 7 16 0.648159 12.230000
1 8 0 1.017837 12.230000
1 8 1 0.706956 12.230000
1 8 2 1.251525 12.230000
1 8 3 3.633409 12.230000
1 8 4 1.687185 12.230000
1 8 5 0.896791 12.230000
1 8 6 1.771676 12.230000
1 8 7 0.313341 12.230000
1 8 8 1.497894 12.230000
1 8 9 0.589094 12.230000
1 8 10 1.968333 12.230000
1 8 11 8.739086 12.230000
1 8 12 4.297665 12.230000
1 8 13 2.777910 12.230000
1 8 14 1.082705 12.230000
1 8 15 2.749892 12.230000
1 8 16 1.298531 12.230000
1 9 8 1.000000 12.230000
1 9 9 1.135100 12.230000
1 9 10 3.146242 12.230000
1 9 11 0.598395 12.230000
1 9 12 1.000000 12.230000
1 9 13 0.845879 12.230000
1 9 14 0.663682 12.230000
1 9 15 0.279012 12.230000
1 9 16 1.021020 12.230000
1 10 8 0.889882 12.230000
1 10 9 0.394476 12.230000
1 10 10 0.244187 12.230000
1 10 11 0.732481 12.230000
1 10 12 0.599709 12.230000
1 10 13 0.533446 12.230000
1 10 14 1.149424 12.230000
1 10 15 1.048085 12.230000
1 10 16 1.242263 12.230000
1 11 8 0.234264 12.230000
1 11 9 0.448840 12.230000
1 11 10 0.263494 12.230000
1 11 11 0.266546 12.230000
1 11 12 0.959852 12.230000
1 11 13 1.116357 12.230000
1 11 14 4.296319 12.230000
1 11 15 2.871868 12.230000
1 11 16 1.440447 12.230000
1 12 8 0.824735 12.230000
1 12 9 0.619890 12.230000
1 12 10 0.459709 12.230000
1 12 11 1.251625 12.230000
1 12 12 3.408929 12.230000
1 12 13 0.902179 12.230000
1 12 14 0.985089 12.230000
1 12 15 0.438620 12.230000
1 12 16 1.000000 12.230000
1 13 8 1.000000 12.230000
1 13 9 0.095361 12.230000
1 13 10 2.836674 12.230000
1 13 11 0.831801 12.230000
1 13 12 0.193065 12.230000
1 13 13 2.046775 12.230000
1 13 14 0.838698 12.230000
1 13 15 5.948832 12.230000
1 13 16 0.475882 12.230000
1 14 8 0.155893 12.230000
1 14 9 0.563612 12.230000
1 14 10 0.142213 12.230000
1 14 11 1.724947 12.230000
1 14 12 1.000000 12.230000
1 14 13 1.082664 12.230000
1 14 14 1.298317 12.230000
1 14 15 0.748553 12.230000
1 14 16 1.320968 12.230000
1 15 8 0.113161 12.230000
1 15 9 0.666582 12.230000
1 15 10 0.975291 12.230000
1 15 11 2.190075 12.230000
1 15 12 0.252981 12.230000
1 15 13 1.167144 12.230000
1 15 14 0.408872 12.230000
1 15 15 1.265813 12.230000
1 15 16 1.540766 12.230000
1 16 8 0.750646 12.230000
1 16 9 0.278971 12.230000
1 16 10 2.271549 12.230000
1 16 11 3.400953 12.230000
1 16 12 2.203740 12.230000
1 16 13 4.204012 12.230000
1 16 14 1.447692 12.230000
1 16 15 2.504774 12.230000
1 16 16 1.234342 12.230000
1 17 8 0.200775 12.230000
1 17 9 1.399740 12.230000
1 17 10 0.988364 12.230000
1 17 11 1.369038 12.230000
1 17 12 5.512786 12.230000
1 17 13 2.109856 12.230000
1 17 14 9.702736 12.230000
1 17 15 5.738821 12.230000
1 17 16 1.000000 12.230000
1 18 8 1.191265 12.230000
1 18 9 1.997627 12.230000
1 18 10 1.791197 12.230000
1 18 11 3.064288 12.230000
1 18 12 3.851755 12.230000
1 18 13 1.652904 12.230000
1 18 14 5.748178 12.230000
1 18 15 3.049150 12.230000
1 18 16 1.932207 12.230000
1 19 8 3.029614 12.230000
1 19 9 10.247742 12.230000
1 19 10 0.011435 12.230000
1 19 11 1.660285 12.230000
1 19 12 29.883350 12.230000
1 19 13 1.460952 12.230000
1 19 14 4.559136 12.230000
1 19 15 0.033161 12.230000
1 19 16 1.388526 12.230000
1 20 8 0.392342 12.230000
1 20 9 0.722518 12.230000
1 20 10 5.820726 12.230000
1 20 11 29.755664 12.230000
1 20 12 21.893942 12.230000
1 20 13 0.931581 12.230000
1 20 14 32.725196 12.230000
1 20 15 1.427508 12.230000
1 20 16 2.312471 12.230000
1 21 8 2.225616 12.230000
1 21 9 3.710830 12.230000
1 21 10 1.358981 12.230000
1 21 11 3.888240 12.230000
1 21 12 17.622823 12.230000
1 21 13 0.040554 12.230000
1 21 14 5.420916 12.230000
1 21 15 1.349941 12.230000
1 21 16 2.297111 12.230000
1 22 8 4.337801 12.230000
1 22 9 16.252162 12.230000
1 22 10 2.673133 12.230000
1 22 11 3.402230 12.230000
1 22 12 20.503784 12.230000
1 22 13 8.698059 12.230000
1 22 14 7.801358 12.230000
1 22 15 0.721567 12.230000
1 22 16 3.736470 12.230000
1 23 8 3.357026 12.230000
1 23 9 2.186182 12.230000
1 23 10 1.000000 12.230000
1 23 11 1.695897 12.230000
1 23 12 61.101919 12.230000
1 23 13 9.162389 12.230000
1 23 14 0.126754 12.230000
1 23 15 2.403920 12.230000
1 23 16 1.676118 12.230000
1 24 8 6.085739 12.230000
1 24 9 13.004333 12.230000
1 24 10 4.254347 12.230000
1 24 11 1.000000 12.230000
1 24 12 11.812293 12.230000
1 24 13 2.689605 12.230000
1 24 14 13.717932 12.230000
1 24 15 13.133098 12.230000
1 24 16 0.586157 12.230000
1 25 0 3.168996 12.230000
1 25 1 0.385551 12.230000
1 25 2 0.668912 12.230000
1 25 3 0.542467 12.230000
1 25 4 1.331022 12.230000
1 25 5 0.403221 12.230000
1 25 6 1.588627 12.230000
1 25 7 3.534714 12.230000
1 25 8 4.137995 12.230000
1 25 9 1.362638 12.230000
1 25 10 11.634525 12.230000
1 25 11 8.747190 12.230000
1 25 12 1.926153 12.230000
1 25 13 35.353123 12.230000
1 25 14 7.835798 12.230000
1 25 15 10.099487 12.230000
1 25 16 3.871021 12.230000
1 26 0 2.558720 12.230000
1 26 1 0.287288 12.230000
1 26 2 9.300181 12.230000
1 26 3 1.583035 12.230000
1 26 4 1.900648 12.230000
1 26 5 4.266446 12.230000
1 26 6 1.000000 12.230000
1 26 7 1.997001 12.230000
1 26 8 5.095121 12.230000
1 26 9 0.172827 12.230000
1 26 10 14.731076 12.230000
1 26 11 12.352072 12.230000
1 26 12 8.365449 12.230000
1 26 13 8.818609 12.230000
1 26 14 6.788110 12.230000
1 26 15 7.645651 12.230000
1 26 16 3.253827 12.230000
1 27 0 4.579669 12.230000
1 27 1 16.301471 12.230000
1 27 2 0.004486 12.230000
1 27 3 3.487993 12.230000
1 27 4 21.447038 12.230000
1 27 5 5.506291 12.230000
1 27 6 1.000000 12.230000
1 27 7 8.791711 12.230000
1 27 8 5.479516 12.230000
1 27 9 10.979356 12.230000
1 27 10 0.434077 12.230000
1 27 11 45.259900 12.230000
1 27 12 65.797207 12.230000
1 27 13 23.858802 12.230000
1 27 14 1.000000 12.230000
1 27 15 4.117556 12.230000
1 28 0 55.875397 12.230000
1 28 1 8.848728 12.230000
1 28 2 34.264788 12.230000
1 28 3 19.547724 12.230000
1 28 4 30.544859 12.230000
1 28 5 7.160537 12.230000
1 28 6 4.454577 12.230000
1 28 7 8.147548 12.230000
1 28 8 3.896643 12.230000
1 28 9 23.723590 12.230000
1 28 10 64.353763 12.230000
1 28 11 63.727979 12.230000
1 28 12 21.892638 12.230000
1 28 13 5.219918 12.230000
1 28 14 4.400054 12.230000
1 29 0 5.288554 12.230000
1 29 1 2.715112 12.230000
1 29 2 23.172106 12.230000
1 29 3 33.046035 12.230000
1 29 4 9.900336 12.230000
1 29 5 34.788293 12.230000
1 29 6 27.671098 12.230000
1 29 7 6.673634 12.230000
1 29 8 22.637824 12.230000
1 29 9 5.940904 12.230000
1 29 10 53.062023 12.230000
1 29 11 18.940305 12.230000
1 29 12 13.035859 12.230000
1 29 13 1.557668 12.230000
1 30 0 18.651003 12.230000
1 30 1 16.984455 12.230000
1 30 2 39.631573 12.230000
1 30 3 24.607702 12.230000
1 30 4 24.349271 12.230000
1 30 5 24.994178 12.230000
1 30 6 21.188477 12.230000
1 30 7 4.862176 12.230000
1 30 8 21.443284 12.230000
1 30 9 9.595854 12.230000
1 30 10 32.506814 12.230000
1 30 11 12.841064 12.230000
1 30 12 25.652713 12.230000
1 31 0 0.212951 12.230000
1 31 1 41.675171 12.230000
1 31 2 76.090140 12.230000
1 31 3 0.005708 12.230000
1 31 4 41.078572 12.230000
1 31 5 12.027927 12.230000
1 31 6 0.258440 12.230000
1 31 7 19.524495 12.230000
1 31 8 59.125720 12.230000
1 31 9 20.277581 12.230000
1 31 10 1.000000 12.230000
1 31 11 11.807250 12.230000
1 32 0 28.474476 12.230000
1 32 1 13.504042 12.230000
1 32 2 28.411396 12.230000
1 32 3 3.566326 12.230000
1 32 4 59.985960 12.230000
1 32 5 35.344699 12.230000
1 32 6 8.121051 12.230000
1 32 7 29.636425 12.230000
1 32 8 33.492760 12.230000
1 32 9 27.465152 12.230000
1 32 10 21.778735 12.230000
1 33 0 12.506850 12.230000
1 33 1 6.720258 12.230000
1 33 2 1.423822 12.230000
1 33 3 29.168135 12.230000
1 33 4 162.731835 12.230000
1 33 5 2.402313 12.230000
1 33 6 2.779382 12.230000
1 33 7 15.358444 12.230000
1 33 8 21.038582 12.230000
1 33 9 3.838472 12.230000
2 0 0 1.774625 12.230000
2 0 1 8.522562 12.230000
2 0 2 1.710486 12.230000
2 0 3 2.634956 12.230000
2 0 4 1.751302 12.230000
2 0 5 1.536938 12.230000
2 0 6 1.788817 12.230000
2 0 7 2.074678 12.230000
2 0 8 4.513711 12.230000
2 0 9 1.503831 12.230000
2 1 0 1.000000 12.230000
2 1 1 1.000000 12.230000
2 1 2 1.000000 12.230000
2 1 3 1.000000 12.230000
2 1 4 1.000000 12.230000
2 1 5 8.475062 12.230000
2 1 6 3.612002 12.230000
2 1 7 23.802764 12.230000
2 1 8 4.138981 12.230000
2 1 9 18.276738 12.230000
2 1 10 4.189539 12.230000
2 2 0 1.000000 12.230000
2 2 1 1.000000 12.230000
2 2 2 1.000000 12.230000
2 2 3 1.000000 12.230000
2 2 4 1.000000 12.230000
2 2 5 1.000000 12.230000
2 2 6 1.000000 12.230000
2 2 7 1.000000 12.230000
2 2 8 1.000000 12.230000
2 2 9 1.000000 12.230000
2 2 10 1.000000 12.230000
2 2 11 1.000000 12.230000
2 3 0 3.348180 12.230000
2 3 1 1.000000 12.230000
2 3 2 1.000000 12.230000
2 3 3 1.000000 12.230000
2 3 4 1.000000 12.230000
2 3 5 1.000000 12.230000
2 3 6 1.000000 12.230000
2 3 7 7.922681 12.230000
2 3 8 5.687907 12.230000
2 3 9 2.794517 12.230000
2 3 10 1.000000 12.230000
2 3 11 1.000000 12.230000
2 3 12 1.000000 12.230000
2 4 0 4.690432 12.230000
2 4 1 10.154569 12.230000
2 4 2 69.682084 12.230000
2 4 3 58.304091 12.230000
2 4 4 28.247397 12.230000
2 4 5 29.204321 12.230000
2 4 6 0.574961 12.230000
2 4 7 1.000000 12.230000
2 4 8 1.000000 12.230000
2 4 9 1.000000 12.230000
2 4 10 1.000000 12.230000
2 4 11 7.672992 12.230000
2 4 12 34.566070 12.230000
2 4 13 1.348200 12.230000
2 5 0 4.530492 12.230000
2 5 1 39.374701 12.230000
2 5 2 8.758602 12.230000
2 5 3 5.569070 12.230000
2 5 4 25.042950 12.230000
2 5 5 6.324607 12.230000
2 5 6 34.505845 12.230000
2 5 7 8.511626 12.230000
2 5 8 0.226980 12.230000
2 5 9 3.478717 12.230000
2 5 10 5.219340 12.230000
2 5 11 22.079584 12.230000
2 5 12 5.578448 12.230000
2 5 13 1.086787 12.230000
2 5 14 2.340608 12.230000
2 6 0 8.491417 12.230000
2 6 1 54.374207 12.230000
2 6 2 20.546897 12.230000
2 6 3 12.704605 12.230000
2 6 4 12.837264 12.230000
2 6 5 11.981410 12.230000
2 6 6 11.926914 12.230000
2 6 7 15.662444 12.230000
2 6 8 24.692763 12.230000
2 6 9 7.791911 12.230000
2 6 10 10.607110 12.230000
2 6 11 0.621177 12.230000
2 6 12 61.171331 12.230000
2 6 13 12.968915 12.230000
2 6 14 43.265758 12.230000
2 6 15 0.771970 12.230000
2 7 0 21.336354 12.230000
2 7 1 12.864760 12.230000
2 7 2 3.637818 12.230000
2 7 3 56.187264 12.230000
2 7 4 63.964251 12.230000
2 7 5 16.004423 12.230000
2 7 6 1.000000 12.230000
2 7 7 1.000000 12.230000
2 7 8 1.000000 12.230000
2 7 9 1.474991 12.230000
2 7 10 5.148901 12.230000
2 7 11 15.286357 12.230000
2 7 12 2.989905 12.230000
2 7 13 7.458759 12.230000
2 7 14 3.544055 12.230000
2 7 15 1.996671 12.230000
2 7 16 0.876918 12.230000
2 8 0 1.000000 12.230000
2 8 1 1.000000 12.230000
2 8 2 1.000000 12.230000
2 8 3 1.000000 12.230000
2 8 4 1.000000 12.230000
2 8 5 1.000000 12.230000
2 8 6 1.000000 12.230000
2 8 7 1.000000 12.230000
2 8 8 1.000000 12.230000
2 8 9 1.000000 12.230000
2 8 10 1.000000 12.230000
2 8 11 1.000000 12.230000
2 8 12 1.000000 12.230000
2 8 13 1.000000 12.230000
2 8 14 1.000000 12.230000
2 8 15 1.000000 12.230000
2 8 16 4.059340 12.230000
2 9 8 1.000000 12.230000
2 9 9 1.000000 12.230000
2 9 10 1.000000 12.230000
2 9 11 1.000000 12.230000
2 9 12 1.000000 12.230000
2 9 13 1.000000 12.230000
2 9 14 1.000000 12.230000
2 9 15 1.000000 12.230000
2 9 16 1.000000 12.230000
2 10 8 0.873121 12.230000
2 10 9 6.482127 12.230000
2 10 10 8.783712 12.230000
2 10 11 11.708092 12.230000
2 10 12 12.375191 12.230000
2 10 13 11.713869 12.230000
2 10 14 8.680218 12.230000
2 10 15 5.575794 12.230000
2 10 16 1.000000 12.230000
2 11 8 0.599013 12.230000
2 11 9 3.759254 12.230000
2 11 10 1.875333 12.230000
2 11 11 6.283077 12.230000
2 11 12 5.020707 12.230000
2 11 13 21.211311 12.230000
2 11 14 1.033384 12.230000
2 11 15 2.765315 12.230000
2 11 16 0.750973 12.230000
2 12 8 1.000000 12.230000
2 12 9 1.000000 12.230000
2 12 10 1.000000 12.230000
2 12 11 4.798469 12.230000
2 12 12 9.383012 12.230000
2 12 13 2.473136 12.230000
2 12 14 9.858381 12.230000
2 12 15 0.134736 12.230000
2 12 16 2.833640 12.230000
2 13 8 1.000000 12.230000
2 13 9 1.000000 12.230000
2 13 10 4.348827 12.230000
2 13 11 1.000000 12.230000
2 13 12 1.000000 12.230000
2 13 13 1.000000 12.230000
2 13 14 1.000000 12.230000
2 13 15 1.000000 12.230000
2 13 16 1.000000 12.230000
2 14 8 1.000000 12.230000
2 14 9 7.169244 12.230000
2 14 10 1.000000 12.230000
2 14 11 1.000000 12.230000
2 14 12 1.000000 12.230000
2 14 13 1.000000 12.230000
2 14 14 1.000000 12.230000
2 14 15 1.000000 12.230000
2 14 16 1.000000 12.230000
2 15 8 2.002009 12.230000
2 15 9 1.000000 12.230000
2 15 10 1.000000 12.230000
2 15 11 1.000000 12.230000
2 15 12 1.000000 12.230000
2 15 13 1.000000 12.230000
2 15 14 8.739182 12.230000
2 15 15 1.000000 12.230000
2 15 16 1.000000 12.230000
2 16 8 1.000000 12.230000
2 16 9 1.000000 12.230000
2 16 10 1.000000 12.230000
2 16 11 1.000000 12.230000
2 16 12 1.000000 12.230000
2 16 13 1.000000 12.230000
2 16 14 1.000000 12.230000
2 16 15 1.000000 12.230000
2 16 16 1.000000 12.230000
2 17 8 1.000000 12.230000
2 17 9 1.000000 12.230000
2 17 10 1.000000 12.230000
2 17 11 1.000000 12.230000
2 17 12 1.000000 12.230000
2 17 13 1.000000 12.230000
2 17 14 1.000000 12.230000
2 17 15 1.000000 12.230000
2 17 16 1.000000 12.230000
2 18 8 1.000000 12.230000
2 18 9 1.000000 12.230000
2 18 10 1.000000 12.230000
2 18 11 1.000000 12.230000
2 18 12 1.000000 12.230000
2 18 13 1.000000 12.230000
2 18 14 1.000000 12.230000
2 18 15 1.000000 12.230000
2 18 16 1.000000 12.230000
2 19 8 1.000000 12.230000
2 19 9 1.000000 12.230000
2 19 10 1.000000 12.230000
2 19 11 1.000000 12.230000
2 19 12 1.000000 12.230000
2 19 13 1.000000 12.230000
2 19 14 1.000000 12.230000
2 19 15 1.000000 12.230000
2 19 16 1.000000 12.230000
2 20 8 1.000000 12.230000
2 20 9 1.000000 12.230000
2 20 10 1.000000 12.230000
2 20 11 1.000000 12.230000
2 20 12 1.000000 12.230000
2 20 13 1.000000 12.230000
2 20 14 1.000000 12.230000
2 20 15 1.000000 12.230000
2 20 16 1.000000 12.230000
2 21 8 1.000000 12.230000
2 21 9 1.000000 12.230000
2 21 10 1.000000 12.230000
2 21 11 1.000000 12.230000
2 21 12 1.000000 12.230000
2 21 13 1.000000 12.230000
2 21 14 1.000000 12.230000
2 21 15 1.000000 12.230000
2 21 16 1.000000 12.230000
2 22 8 1.000000 12.230000
2 22 9 1.000000 12.230000
2 22 10 1.000000 12.230000
2 22 11 1.000000 12.230000
2 22 12 1.000000 12.230000
2 22 13 1.000000 12.230000
2 22 14 1.000000 12.230000
2 22 15 1.000000 12.230000
2 22 16 1.000000 12.230000
2 23 8 13.472803 12.230000
2 23 9 4.014837 12.230000
2 23 10 174.166069 12.230000
2 23 11 8.441298 12.230000
2 23 12 1.000000 12.230000
2 23 13 1.000000 12.230000
2 23 14 1.000000 12.230000
2 23 15 1.000000 12.230000
2 23 16 1.000000 12.230000
2 24 8 1.732285 12.230000
2 24 9 4.251300 12.230000
2 24 10 15.772075 12.230000
2 24 11 1.000000 12.230000
2 24 12 1.000000 12.230000
2 24 13 1.000000 12.230000
2 24 14 1.000000 12.230000
2 24 15 5.870633 12.230000
2 24 16 1.940217 12.230000
2 25 0 0.192441 12.230000
2 25 1 1.000000 12.230000
2 25 2 1.000000 12.230000
2 25 3 1.000000 12.230000
2 25 4 1.000000 12.230000
2 25 5 2.709548 12.230000
2 25 6 2.910859 12.230000
2 25 7 7.772127 12.230000
2 25 8 14.680291 12.230000
2 25 9 7.496809 12.230000
2 25 10 1.000000 12.230000
2 25 11 1.000000 12.230000
2 25 12 1.000000 12.230000
2 25 13 1.000000 12.230000
2 25 14 1.000000 12.230000
2 25 15 1.000000 12.230000
2 25 16 2.973894 12.230000
2 26 0 1.000000 12.230000
2 26 1 1.000000 12.230000
2 26 2 1.000000 12.230000
2 26 3 15.465348 12.230000
2 26 4 18.517247 12.230000
2 26 5 5.600200 12.230000
2 26 6 0.028949 12.230000
2 26 7 17.156779 12.230000
2 26 8 1.000000 12.230000
2 26 9 1.000000 12.230000
2 26 10 1.000000 12.230000
2 26 11 1.000000 12.230000
2 26 12 1.000000 12.230000
2 26 13 7.358578 12.230000
2 26 14 14.079805 12.230000
2 26 15 2.767902 12.230000
2 26 16 9.335545 12.230000
2 27 0 6.206400 12.230000
2 27 1 3.526607 12.230000
2 27 2 26.128218 12.230000
2 27 3 17.671996 12.230000
2 27 4 1.000000 12.230000
2 27 5 1.000000 12.230000
2 27 6 1.000000 12.230000
2 27 7 1.000000 12.230000
2 27 8 1.000000 12.230000
2 27 9 43.048341 12.230000
2 27 10 99.575197 12.230000
2 27 11 9.348349 12.230000
2 27 12 125.627672 12.230000
2 27 13 21.919223 12.230000
2 27 14 1.000000 12.230000
2 27 15 1.000000 12.230000
2 28 0 1.463631 12.230000
2 28 1 3.354342 12.230000
2 28 2 3.229859 12.230000
2 28 3 4.147396 12.230000
2 28 4 16.338066 12.230000
2 28 5 90.564151 12.230000
2 28 6 63.320005 12.230000
2 28 7 24.333216 12.230000
2 28 8 45.287414 12.230000
2 28 9 1.000000 12.230000
2 28 10 1.000000 12.230000
2 28 11 1.000000 12.230000
2 28 12 1.000000 12.230000
2 28 13 1.000000 12.230000
2 28 14 14.121745 12.230000
2 29 0 65.250701 12.230000
2 29 1 8.625682 12.230000
2 29 2 45.243751 12.230000
2 29 3 1.017994 12.230000
2 29 4 4.298697 12.230000
2 29 5 0.833938 12.230000
2 29 6 5.098461 12.230000
2 29 7 5.927792 12.230000
2 29 8 47.703959 12.230000
2 29 9 51.526918 12.230000
2 29 10 139.321935 12.230000
2 29 11 2.075567 12.230000
2 29 12 25.072543 12.230000
2 29 13 0.607972 12.230000
2 30 0 1.000000 12.230000
2 30 1 1.000000 12.230000
2 30 2 25.944158 12.230000
2 30 3 44.324927 12.230000
2 30 4 11.228961 12.230000
2 30 5 32.290363 12.230000
2 30 6 1.000000 12.230000
2 30 7 1.000000 12.230000
2 30 8 1.000000 12.230000
2 30 9 1.000000 12.230000
2 30 10 1.000000 12.230000
2 30 11 15.691400 12.230000
2 30 12 9.642812 12.230000
2 31 0 47.711194 12.230000
2 31 1 34.060072 12.230000
2 31 2 48.213896 12.230000
2 31 3 6.327874 12.230000
2 31 4 42.516246 12.230000
2 31 5 16.612810 12.230000
2 31 6 21.184585 12.230000
2 31 7 25.724196 12.230000
2 31 8 78.443844 12.230000
2 31 9 1.000000 12.230000
2 31 10 1.000000 12.230000
2 31 11 1.000000 12.230000
2 32 0 348.852200 12.230000
2 32 1 20.855634 12.230000
2 32 2 89.598504 12.230000
2 32 3 42.240016 12.230000
2 32 4 15.538813 12.230000
2 32 5 104.457244 12.230000
2 32 6 53.717961 12.230000
2 32 7 5.661733 12.230000
2 32 8 14.205619 12.230000
2 32 9 2.203812 12.230000
2 32 10 30.330982 12.230000
2 33 0 17.671920 12.230000
2 33 1 10.746791 12.230000
2 33 2 33.128272 12.230000
2 33 3 0.736849 12.230000
2 33 4 11.694977 12.230000
2 33 5 15.789738 12.230000
2 33 6 21.870907 12.230000
2 33 7 8.341191 12.230000
2 33 8 0.353533 12.230000
2 33 9 34.363069 12.230000
