1 0 0 1.148577 8.464872
1 0 1 1.702262 11.249737
1 0 2 1.109447 9.217607
1 0 3 3.263384 9.689415
1 0 4 1.000000 12.230000
1 0 5 1.697702 9.755768
1 0 6 0.701160 8.509399
1 0 7 1.118910 5.331672
1 0 8 1.000000 12.230000
1 0 9 1.000000 12.230000
1 1 0 3.350054 12.306262
1 1 1 1.000000 12.230000
1 1 2 1.766286 11.929592
1 1 3 18.582202 12.811885
1 1 4 1.000000 12.230000
1 1 5 0.884692 11.390651
1 1 6 2.033857 12.008876
1 1 7 0.493902 8.375851
1 1 8 1.000000 12.230000
1 1 9 1.760542 10.418147
1 1 10 1.000000 12.230000
1 2 0 1.000000 12.230000
1 2 1 1.971927 11.652485
1 2 2 2.896511 11.811404
1 2 3 7.157633 12.668726
1 2 4 2.616988 11.845776
1 2 5 4.459899 12.210276
1 2 6 6.151606 12.357287
1 2 7 2.060635 11.343374
1 2 8 3.349304 12.636670
1 2 9 1.529952 11.713915
1 2 10 1.094196 5.624942
1 2 11 1.475419 9.369386
1 3 0 1.452020 11.806606
1 3 1 13.014376 12.177793
1 3 2 21.305274 12.504001
1 3 3 12.328767 12.287118
1 3 4 6.656518 12.404482
1 3 5 3.977800 12.339408
1 3 6 5.598037 11.991207
1 3 7 17.887979 10.099940
1 3 8 1.000000 12.230000
1 3 9 1.429516 10.193338
1 3 10 0.549062 8.899083
1 3 11 0.446182 7.926657
1 3 12 0.721771 8.571684
1 4 0 1.299531 11.418100
1 4 1 1.942485 11.899409
1 4 2 7.078787 10.449567
1 4 3 0.521418 11.161404
1 4 4 1.000000 12.230000
1 4 5 10.698848 12.443012
1 4 6 2.922200 11.928949
1 4 7 1.000000 12.230000
1 4 8 1.000000 12.230000
1 4 9 1.000000 12.230000
1 4 10 1.000000 12.230000
1 4 11 1.000000 12.230000
1 4 12 1.000000 12.230000
1 4 13 0.688129 7.417050
1 5 0 1.000000 12.230000
1 5 1 12.915348 12.743205
1 5 2 7.743983 12.686756
1 5 3 11.521445 12.865913
1 5 4 1.029187 9.368346
1 5 5 8.618971 12.495232
1 5 6 1.089182 11.597083
1 5 7 1.086058 11.767505
1 5 8 1.525060 12.093216
1 5 9 1.000000 12.230000
1 5 10 1.000000 12.230000
1 5 11 1.000000 12.230000
1 5 12 1.000000 12.230000
1 5 13 1.000000 12.230000
1 5 14 1.105878 9.133408
1 6 0 2.869178 11.957434
1 6 1 20.872345 13.045240
1 6 2 6.194617 12.388310
1 6 3 33.563933 13.779217
1 6 4 7.448346 12.969599
1 6 5 3.571462 12.562327
1 6 6 0.705254 11.260657
1 6 7 1.296986 11.491409
1 6 8 1.000000 12.230000
1 6 9 1.000000 12.230000
1 6 10 1.000000 12.230000
1 6 11 1.000000 12.230000
1 6 12 1.000000 12.230000
1 6 13 1.000000 12.230000
1 6 14 1.000000 12.230000
1 6 15 1.146033 11.239456
1 7 0 8.237546 12.715158
1 7 1 0.918248 10.830310
1 7 2 1.268148 11.271403
1 7 3 1.709045 11.020997
1 7 4 0.944815 10.762264
1 7 5 4.464522 11.182980
1 7 6 2.791161 11.750838
1 7 7 0.577887 11.051176
1 7 8 2.034516 11.127996
1 7 9 0.441496 10.593017
1 7 10 0.041133 11.066136
1 7 11 0.206713 9.240207
1 7 12 0.896773 10.980237
1 7 13 0.221141 10.066910
1 7 14 0.578232 9.585287
1 7 15 1.000000 12.230000
1 7 16 0.648159 8.912658
1 8 0 1.017837 11.880812
1 8 1 0.706956 11.406889
1 8 2 1.251525 11.685475
1 8 3 3.633409 12.908471
1 8 4 1.687185 11.731921
1 8 5 0.896791 11.380510
1 8 6 1.771676 11.684067
1 8 7 0.313341 10.419991
1 8 8 1.497894 11.852683
1 8 9 0.589094 11.102084
1 8 10 1.968333 12.041508
1 8 11 8.739086 12.199079
1 8 12 4.297665 11.716871
1 8 13 2.777910 12.116009
1 8 14 1.082705 11.487016
1 8 15 2.749892 11.753358
1 8 16 1.298531 10.102901
1 9 8 1.000000 12.230000
1 9 9 1.135100 11.297980
1 9 10 3.146242 12.011053
1 9 11 0.598395 11.462620
1 9 12 1.000000 12.230000
1 9 13 0.845879 12.044793
1 9 14 0.663682 11.480931
1 9 15 0.279012 11.374213
1 9 16 1.021020 9.696876
1 10 8 0.889882 11.332575
1 10 9 0.394476 11.740880
1 10 10 0.244187 10.516774
1 10 11 0.732481 11.042323
1 10 12 0.599709 10.903693
1 10 13 0.533446 10.851552
1 10 14 1.149424 11.699855
1 10 15 1.048085 11.857121
1 10 16 1.242263 9.512029
1 11 8 0.234264 7.309294
1 11 9 0.448840 11.039759
1 11 10 0.263494 11.000279
1 11 11 0.266546 11.143164
1 11 12 0.959852 11.522341
1 11 13 1.116357 10.533098
1 11 14 4.296319 12.305587
1 11 15 2.871868 11.637640
1 11 16 1.440447 8.171085
1 12 8 0.824735 12.066808
1 12 9 0.619890 11.180380
1 12 10 0.459709 11.091659
1 12 11 1.251625 11.434670
1 12 12 3.408929 12.174595
1 12 13 0.902179 11.283131
1 12 14 0.985089 11.755546
1 12 15 0.438620 10.747721
1 12 16 1.000000 12.230000
1 13 8 1.000000 12.230000
1 13 9 0.095361 11.247889
1 13 10 2.836674 11.918986
1 13 11 0.831801 11.371263
1 13 12 0.193065 10.232969
1 13 13 2.046775 11.783243
1 13 14 0.838698 11.761367
1 13 15 5.948832 12.796756
1 13 16 0.475882 8.134244
1 14 8 0.155893 9.944363
1 14 9 0.563612 11.056336
1 14 10 0.142213 11.239714
1 14 11 1.724947 11.686253
1 14 12 1.000000 12.230000
1 14 13 1.082664 11.007900
1 14 14 1.298317 11.822478
1 14 15 0.748553 12.024008
1 14 16 1.320968 9.748213
1 15 8 0.113161 10.988350
1 15 9 0.666582 10.852115
1 15 10 0.975291 11.244037
1 15 11 2.190075 12.013390
1 15 12 0.252981 10.869894
1 15 13 1.167144 11.895949
1 15 14 0.408872 11.455224
1 15 15 1.265813 11.306884
1 15 16 1.540766 11.220303
1 16 8 0.750646 11.210573
1 16 9 0.278971 10.363549
1 16 10 2.271549 11.368698
1 16 11 3.400953 11.860610
1 16 12 2.203740 11.770939
1 16 13 4.204012 12.235548
1 16 14 1.447692 11.482928
1 16 15 2.504774 10.954989
1 16 16 1.234342 8.544863
1 17 8 0.200775 11.341320
1 17 9 1.399740 11.974806
1 17 10 0.988364 11.461630
1 17 11 1.369038 11.196900
1 17 12 5.512786 12.547728
1 17 13 2.109856 11.501998
1 17 14 9.702736 12.439969
1 17 15 5.738821 12.574084
1 17 16 1.000000 12.230000
1 18 8 1.191265 10.798138
1 18 9 1.997627 11.960386
1 18 10 1.791197 10.588178
1 18 11 3.064288 12.524824
1 18 12 3.851755 12.557538
1 18 13 1.652904 11.744516
1 18 14 5.748178 12.114585
1 18 15 3.049150 11.944790
1 18 16 1.932207 11.053221
1 19 8 3.029614 11.951689
1 19 9 10.247742 12.588891
1 19 10 0.011435 13.739408
1 19 11 1.660285 11.666196
1 19 12 29.883350 13.506611
1 19 13 1.460952 11.927122
1 19 14 4.559136 12.408837
1 19 15 0.033161 11.510911
1 19 16 1.388526 10.990372
1 20 8 0.392342 11.920297
1 20 9 0.722518 12.162873
1 20 10 5.820726 12.338595
1 20 11 29.755664 13.200138
1 20 12 21.893942 13.878579
1 20 13 0.931581 12.212517
1 20 14 32.725196 13.306953
1 20 15 1.427508 11.824820
1 20 16 2.312471 12.208374
1 21 8 2.225616 11.307750
1 21 9 3.710830 11.800872
1 21 10 1.358981 11.121536
1 21 11 3.888240 11.207835
1 21 12 17.622823 11.452791
1 21 13 0.040554 11.577212
1 21 14 5.420916 11.754579
1 21 15 1.349941 11.363386
1 21 16 2.297111 12.055448
1 22 8 4.337801 12.035949
1 22 9 16.252162 12.841467
1 22 10 2.673133 11.591349
1 22 11 3.402230 11.958401
1 22 12 20.503784 13.155187
1 22 13 8.698059 12.814522
1 22 14 7.801358 12.341427
1 22 15 0.721567 11.632940
1 22 16 3.736470 13.106826
1 23 8 3.357026 11.777554
1 23 9 2.186182 11.602482
1 23 10 1.000000 12.230000
1 23 11 1.695897 11.809362
1 23 12 61.101919 13.547680
1 23 13 9.162389 12.825492
1 23 14 0.126754 11.858673
1 23 15 2.403920 12.148426
1 23 16 1.676118 9.767040
1 24 8 6.085739 12.098975
1 24 9 13.004333 13.039093
1 24 10 4.254347 11.870272
1 24 11 1.000000 12.230000
1 24 12 11.812293 12.545203
1 24 13 2.689605 11.971178
1 24 14 13.717932 12.707741
1 24 15 13.133098 11.962972
1 24 16 0.586157 9.883296
1 25 0 3.168996 12.244009
1 25 1 0.385551 11.837552
1 25 2 0.668912 11.754187
1 25 3 0.542467 11.237935
1 25 4 1.331022 11.218183
1 25 5 0.403221 11.988082
1 25 6 1.588627 11.484605
1 25 7 3.534714 11.303119
1 25 8 4.137995 12.586356
1 25 9 1.362638 11.597292
1 25 10 11.634525 12.569448
1 25 11 8.747190 12.527850
1 25 12 1.926153 12.315547
1 25 13 35.353123 14.696197
1 25 14 7.835798 12.117418
1 25 15 10.099487 12.275906
1 25 16 3.871021 13.095926
1 26 0 2.558720 11.278694
1 26 1 0.287288 11.723258
1 26 2 9.300181 11.926681
1 26 3 1.583035 11.947582
1 26 4 1.900648 11.957063
1 26 5 4.266446 11.090292
1 26 6 1.000000 12.230000
1 26 7 1.997001 11.638834
1 26 8 5.095121 12.493852
1 26 9 0.172827 10.720848
1 26 10 14.731076 12.229798
1 26 11 12.352072 11.913868
1 26 12 8.365449 11.837206
1 26 13 8.818609 12.322496
1 26 14 6.788110 12.327061
1 26 15 7.645651 12.415088
1 26 16 3.253827 12.890837
1 27 0 4.579669 12.322875
1 27 1 16.301471 12.427978
1 27 2 0.004486 16.926984
1 27 3 3.487993 12.314729
1 27 4 21.447038 12.976441
1 27 5 5.506291 11.965373
1 27 6 1.000000 12.230000
1 27 7 8.791711 12.126693
1 27 8 5.479516 12.438687
1 27 9 10.979356 12.677139
1 27 10 0.434077 7.418929
1 27 11 45.259900 15.320929
1 27 12 65.797207 14.424120
1 27 13 23.858802 11.679873
1 27 14 1.000000 12.230000
1 27 15 4.117556 14.812889
1 28 0 55.875397 13.752516
1 28 1 8.848728 12.312016
1 28 2 34.264788 14.261555
1 28 3 19.547724 12.409444
1 28 4 30.544859 12.073039
1 28 5 7.160537 12.701896
1 28 6 4.454577 12.695772
1 28 7 8.147548 11.939391
1 28 8 3.896643 12.659887
1 28 9 23.723590 12.767553
1 28 10 64.353763 13.525629
1 28 11 63.727979 13.588866
1 28 12 21.892638 13.318777
1 28 13 5.219918 12.549339
1 28 14 4.400054 8.969890
1 29 0 5.288554 11.432462
1 29 1 2.715112 13.684408
1 29 2 23.172106 12.613927
1 29 3 33.046035 13.593252
1 29 4 9.900336 13.111793
1 29 5 34.788293 13.790034
1 29 6 27.671098 13.610977
1 29 7 6.673634 12.344679
1 29 8 22.637824 13.312751
1 29 9 5.940904 12.459413
1 29 10 53.062023 14.122596
1 29 11 18.940305 12.184095
1 29 12 13.035859 12.892089
1 29 13 1.557668 11.826001
1 30 0 18.651003 13.168858
1 30 1 16.984455 13.034755
1 30 2 39.631573 13.473190
1 30 3 24.607702 13.368098
1 30 4 24.349271 13.586165
1 30 5 24.994178 12.811035
1 30 6 21.188477 13.573028
1 30 7 4.862176 12.097305
1 30 8 21.443284 12.680483
1 30 9 9.595854 12.504263
1 30 10 32.506814 14.363646
1 30 11 12.841064 12.695035
1 30 12 25.652713 12.181443
1 31 0 0.212951 11.552767
1 31 1 41.675171 13.293260
1 31 2 76.090140 14.276477
1 31 3 0.005708 17.000164
1 31 4 41.078572 14.472578
1 31 5 12.027927 12.917751
1 31 6 0.258440 7.320817
1 31 7 19.524495 14.811484
1 31 8 59.125720 14.486396
1 31 9 20.277581 13.252031
1 31 10 1.000000 12.230000
1 31 11 11.807250 15.115564
1 32 0 28.474476 13.885339
1 32 1 13.504042 13.046218
1 32 2 28.411396 12.178895
1 32 3 3.566326 12.968211
1 32 4 59.985960 14.148452
1 32 5 35.344699 13.956285
1 32 6 8.121051 12.720864
1 32 7 29.636425 12.542396
1 32 8 33.492760 13.862696
1 32 9 27.465152 13.100920
1 32 10 21.778735 12.843839
1 33 0 12.506850 17.528339
1 33 1 6.720258 16.088887
1 33 2 1.423822 11.474976
1 33 3 29.168135 15.537355
1 33 4 162.731835 1.000000
1 33 5 2.402313 11.387169
1 33 6 2.779382 11.057612
1 33 7 15.358444 11.483901
1 33 8 21.038582 12.562832
1 33 9 3.838472 12.324302
2 0 0 1.774625 9.553923
2 0 1 8.522562 5.813108
2 0 2 1.710486 9.752868
2 0 3 2.634956 10.801017
2 0 4 1.751302 9.393139
2 0 5 1.536938 7.660333
2 0 6 1.788817 10.058220
2 0 7 2.074678 11.039998
2 0 8 4.513711 11.216822
2 0 9 1.503831 9.398164
2 1 0 1.000000 12.230000
2 1 1 1.000000 12.230000
2 1 2 1.000000 12.230000
2 1 3 1.000000 12.230000
2 1 4 1.000000 12.230000
2 1 5 8.475062 12.500719
2 1 6 3.612002 11.502939
2 1 7 23.802764 12.404833
2 1 8 4.138981 12.019886
2 1 9 18.276738 12.337543
2 1 10 4.189539 11.791896
2 2 0 1.000000 12.230000
2 2 1 1.000000 12.230000
2 2 2 1.000000 12.230000
2 2 3 1.000000 12.230000
2 2 4 1.000000 12.230000
2 2 5 1.000000 12.230000
2 2 6 1.000000 12.230000
2 2 7 1.000000 12.230000
2 2 8 1.000000 12.230000
2 2 9 1.000000 12.230000
2 2 10 1.000000 12.230000
2 2 11 1.000000 12.230000
2 3 0 3.348180 12.277994
2 3 1 1.000000 12.230000
2 3 2 1.000000 12.230000
2 3 3 1.000000 12.230000
2 3 4 1.000000 12.230000
2 3 5 1.000000 12.230000
2 3 6 1.000000 12.230000
2 3 7 7.922681 12.450091
2 3 8 5.687907 11.488390
2 3 9 2.794517 11.513082
2 3 10 1.000000 12.230000
2 3 11 1.000000 12.230000
2 3 12 1.000000 12.230000
2 4 0 4.690432 12.030016
2 4 1 10.154569 11.781107
2 4 2 69.682084 13.192586
2 4 3 58.304091 12.372916
2 4 4 28.247397 12.608037
2 4 5 29.204321 12.880932
2 4 6 0.574961 11.465337
2 4 7 1.000000 12.230000
2 4 8 1.000000 12.230000
2 4 9 1.000000 12.230000
2 4 10 1.000000 12.230000
2 4 11 7.672992 12.185505
2 4 12 34.566070 12.746458
2 4 13 1.348200 11.987733
2 5 0 4.530492 12.003929
2 5 1 39.374701 13.779628
2 5 2 8.758602 12.246436
2 5 3 5.569070 11.452779
2 5 4 25.042950 13.373777
2 5 5 6.324607 11.440810
2 5 6 34.505845 12.597607
2 5 7 8.511626 11.955999
2 5 8 0.226980 7.305928
2 5 9 3.478717 11.314430
2 5 10 5.219340 11.753104
2 5 11 22.079584 14.310065
2 5 12 5.578448 11.858753
2 5 13 1.086787 10.983115
2 5 14 2.340608 12.203330
2 6 0 8.491417 12.142285
2 6 1 54.374207 13.630149
2 6 2 20.546897 12.757331
2 6 3 12.704605 11.736759
2 6 4 12.837264 11.718863
2 6 5 11.981410 12.163109
2 6 6 11.926914 12.279395
2 6 7 15.662444 11.857393
2 6 8 24.692763 12.799489
2 6 9 7.791911 11.624180
2 6 10 10.607110 11.938830
2 6 11 0.621177 13.312719
2 6 12 61.171331 13.888384
2 6 13 12.968915 12.803345
2 6 14 43.265758 13.987026
2 6 15 0.771970 11.383640
2 7 0 21.336354 12.748521
2 7 1 12.864760 12.614390
2 7 2 3.637818 11.744721
2 7 3 56.187264 13.220217
2 7 4 63.964251 13.216210
2 7 5 16.004423 12.433572
2 7 6 1.000000 12.230000
2 7 7 1.000000 12.230000
2 7 8 1.000000 12.230000
2 7 9 1.474991 11.561862
2 7 10 5.148901 11.291313
2 7 11 15.286357 12.249348
2 7 12 2.989905 11.245767
2 7 13 7.458759 11.878719
2 7 14 3.544055 11.931026
2 7 15 1.996671 11.057211
2 7 16 0.876918 9.713767
2 8 0 1.000000 12.230000
2 8 1 1.000000 12.230000
2 8 2 1.000000 12.230000
2 8 3 1.000000 12.230000
2 8 4 1.000000 12.230000
2 8 5 1.000000 12.230000
2 8 6 1.000000 12.230000
2 8 7 1.000000 12.230000
2 8 8 1.000000 12.230000
2 8 9 1.000000 12.230000
2 8 10 1.000000 12.230000
2 8 11 1.000000 12.230000
2 8 12 1.000000 12.230000
2 8 13 1.000000 12.230000
2 8 14 1.000000 12.230000
2 8 15 1.000000 12.230000
2 8 16 4.059340 13.643658
2 9 8 1.000000 12.230000
2 9 9 1.000000 12.230000
2 9 10 1.000000 12.230000
2 9 11 1.000000 12.230000
2 9 12 1.000000 12.230000
2 9 13 1.000000 12.230000
2 9 14 1.000000 12.230000
2 9 15 1.000000 12.230000
2 9 16 1.000000 12.230000
2 10 8 0.873121 11.035207
2 10 9 6.482127 12.284684
2 10 10 8.783712 12.614412
2 10 11 11.708092 12.718013
2 10 12 12.375191 12.653783
2 10 13 11.713869 12.623802
2 10 14 8.680218 12.626076
2 10 15 5.575794 12.366359
2 10 16 1.000000 12.230000
2 11 8 0.599013 10.961724
2 11 9 3.759254 12.190288
2 11 10 1.875333 12.037758
2 11 11 6.283077 12.423580
2 11 12 5.020707 12.235746
2 11 13 21.211311 13.150994
2 11 14 1.033384 10.825941
2 11 15 2.765315 12.116257
2 11 16 0.750973 10.452047
2 12 8 1.000000 12.230000
2 12 9 1.000000 12.230000
2 12 10 1.000000 12.230000
2 12 11 4.798469 11.728636
2 12 12 9.383012 12.333054
2 12 13 2.473136 12.117449
2 12 14 9.858381 12.639526
2 12 15 0.134736 10.881820
2 12 16 2.833640 10.641576
2 13 8 1.000000 12.230000
2 13 9 1.000000 12.230000
2 13 10 4.348827 12.360142
2 13 11 1.000000 12.230000
2 13 12 1.000000 12.230000
2 13 13 1.000000 12.230000
2 13 14 1.000000 12.230000
2 13 15 1.000000 12.230000
2 13 16 1.000000 12.230000
2 14 8 1.000000 12.230000
2 14 9 7.169244 11.767635
2 14 10 1.000000 12.230000
2 14 11 1.000000 12.230000
2 14 12 1.000000 12.230000
2 14 13 1.000000 12.230000
2 14 14 1.000000 12.230000
2 14 15 1.000000 12.230000
2 14 16 1.000000 12.230000
2 15 8 2.002009 11.095547
2 15 9 1.000000 12.230000
2 15 10 1.000000 12.230000
2 15 11 1.000000 12.230000
2 15 12 1.000000 12.230000
2 15 13 1.000000 12.230000
2 15 14 8.739182 12.520383
2 15 15 1.000000 12.230000
2 15 16 1.000000 12.230000
2 16 8 1.000000 12.230000
2 16 9 1.000000 12.230000
2 16 10 1.000000 12.230000
2 16 11 1.000000 12.230000
2 16 12 1.000000 12.230000
2 16 13 1.000000 12.230000
2 16 14 1.000000 12.230000
2 16 15 1.000000 12.230000
2 16 16 1.000000 12.230000
2 17 8 1.000000 12.230000
2 17 9 1.000000 12.230000
2 17 10 1.000000 12.230000
2 17 11 1.000000 12.230000
2 17 12 1.000000 12.230000
2 17 13 1.000000 12.230000
2 17 14 1.000000 12.230000
2 17 15 1.000000 12.230000
2 17 16 1.000000 12.230000
2 18 8 1.000000 12.230000
2 18 9 1.000000 12.230000
2 18 10 1.000000 12.230000
2 18 11 1.000000 12.230000
2 18 12 1.000000 12.230000
2 18 13 1.000000 12.230000
2 18 14 1.000000 12.230000
2 18 15 1.000000 12.230000
2 18 16 1.000000 12.230000
2 19 8 1.000000 12.230000
2 19 9 1.000000 12.230000
2 19 10 1.000000 12.230000
2 19 11 1.000000 12.230000
2 19 12 1.000000 12.230000
2 19 13 1.000000 12.230000
2 19 14 1.000000 12.230000
2 19 15 1.000000 12.230000
2 19 16 1.000000 12.230000
2 20 8 1.000000 12.230000
2 20 9 1.000000 12.230000
2 20 10 1.000000 12.230000
2 20 11 1.000000 12.230000
2 20 12 1.000000 12.230000
2 20 13 1.000000 12.230000
2 20 14 1.000000 12.230000
2 20 15 1.000000 12.230000
2 20 16 1.000000 12.230000
2 21 8 1.000000 12.230000
2 21 9 1.000000 12.230000
2 21 10 1.000000 12.230000
2 21 11 1.000000 12.230000
2 21 12 1.000000 12.230000
2 21 13 1.000000 12.230000
2 21 14 1.000000 12.230000
2 21 15 1.000000 12.230000
2 21 16 1.000000 12.230000
2 22 8 1.000000 12.230000
2 22 9 1.000000 12.230000
2 22 10 1.000000 12.230000
2 22 11 1.000000 12.230000
2 22 12 1.000000 12.230000
2 22 13 1.000000 12.230000
2 22 14 1.000000 12.230000
2 22 15 1.000000 12.230000
2 22 16 1.000000 12.230000
2 23 8 13.472803 12.642036
2 23 9 4.014837 11.936572
2 23 10 174.166069 12.817903
2 23 11 8.441298 12.324031
2 23 12 1.000000 12.230000
2 23 13 1.000000 12.230000
2 23 14 1.000000 12.230000
2 23 15 1.000000 12.230000
2 23 16 1.000000 12.230000
2 24 8 1.732285 12.203911
2 24 9 4.251300 11.763528
2 24 10 15.772075 12.781882
2 24 11 1.000000 12.230000
2 24 12 1.000000 12.230000
2 24 13 1.000000 12.230000
2 24 14 1.000000 12.230000
2 24 15 5.870633 12.771425
2 24 16 1.940217 10.392225
2 25 0 0.192441 12.644031
2 25 1 1.000000 12.230000
2 25 2 1.000000 12.230000
2 25 3 1.000000 12.230000
2 25 4 1.000000 12.230000
2 25 5 2.709548 11.561931
2 25 6 2.910859 11.842160
2 25 7 7.772127 12.664720
2 25 8 14.680291 13.445046
2 25 9 7.496809 12.114678
2 25 10 1.000000 12.230000
2 25 11 1.000000 12.230000
2 25 12 1.000000 12.230000
2 25 13 1.000000 12.230000
2 25 14 1.000000 12.230000
2 25 15 1.000000 12.230000
2 25 16 2.973894 11.835550
2 26 0 1.000000 12.230000
2 26 1 1.000000 12.230000
2 26 2 1.000000 12.230000
2 26 3 15.465348 12.886536
2 26 4 18.517247 12.921595
2 26 5 5.600200 12.587303
2 26 6 0.028949 12.583262
2 26 7 17.156779 13.161750
2 26 8 1.000000 12.230000
2 26 9 1.000000 12.230000
2 26 10 1.000000 12.230000
2 26 11 1.000000 12.230000
2 26 12 1.000000 12.230000
2 26 13 7.358578 12.972550
2 26 14 14.079805 13.545830
2 26 15 2.767902 12.397702
2 26 16 9.335545 10.089336
2 27 0 6.206400 12.055291
2 27 1 3.526607 12.144179
2 27 2 26.128218 12.988890
2 27 3 17.671996 12.776557
2 27 4 1.000000 12.230000
2 27 5 1.000000 12.230000
2 27 6 1.000000 12.230000
2 27 7 1.000000 12.230000
2 27 8 1.000000 12.230000
2 27 9 43.048341 13.587562
2 27 10 99.575197 13.988518
2 27 11 9.348349 13.346968
2 27 12 125.627672 14.924310
2 27 13 21.919223 13.445824
2 27 14 1.000000 12.230000
2 27 15 1.000000 12.230000
2 28 0 1.463631 11.931196
2 28 1 3.354342 11.984059
2 28 2 3.229859 15.538297
2 28 3 4.147396 11.284976
2 28 4 16.338066 14.070145
2 28 5 90.564151 14.354005
2 28 6 63.320005 14.267703
2 28 7 24.333216 13.042314
2 28 8 45.287414 13.937304
2 28 9 1.000000 12.230000
2 28 10 1.000000 12.230000
2 28 11 1.000000 12.230000
2 28 12 1.000000 12.230000
2 28 13 1.000000 12.230000
2 28 14 14.121745 10.042810
2 29 0 65.250701 13.534739
2 29 1 8.625682 12.599415
2 29 2 45.243751 13.194538
2 29 3 1.017994 12.081004
2 29 4 4.298697 12.329744
2 29 5 0.833938 12.976590
2 29 6 5.098461 12.371861
2 29 7 5.927792 11.993447
2 29 8 47.703959 12.960826
2 29 9 51.526918 13.487951
2 29 10 139.321935 13.934110
2 29 11 2.075567 12.019365
2 29 12 25.072543 12.839906
2 29 13 0.607972 13.100899
2 30 0 1.000000 12.230000
2 30 1 1.000000 12.230000
2 30 2 25.944158 12.818181
2 30 3 44.324927 13.969205
2 30 4 11.228961 13.876345
2 30 5 32.290363 12.392912
2 30 6 1.000000 12.230000
2 30 7 1.000000 12.230000
2 30 8 1.000000 12.230000
2 30 9 1.000000 12.230000
2 30 10 1.000000 12.230000
2 30 11 15.691400 13.957458
2 30 12 9.642812 15.196895
2 31 0 47.711194 13.346054
2 31 1 34.060072 13.289754
2 31 2 48.213896 14.488573
2 31 3 6.327874 12.544374
2 31 4 42.516246 14.149362
2 31 5 16.612810 13.601180
2 31 6 21.184585 13.282097
2 31 7 25.724196 12.871470
2 31 8 78.443844 14.392194
2 31 9 1.000000 12.230000
2 31 10 1.000000 12.230000
2 31 11 1.000000 12.230000
2 32 0 348.852200 16.139969
2 32 1 20.855634 12.527037
2 32 2 89.598504 14.294599
2 32 3 42.240016 13.087057
2 32 4 15.538813 14.352663
2 32 5 104.457244 14.214844
2 32 6 53.717961 14.513321
2 32 7 5.661733 14.675344
2 32 8 14.205619 12.532091
2 32 9 2.203812 11.505592
2 32 10 30.330982 11.541553
2 33 0 17.671920 11.603260
2 33 1 10.746791 15.734454
2 33 2 33.128272 15.466984
2 33 3 0.736849 16.448035
2 33 4 11.694977 15.122017
2 33 5 15.789738 14.183944
2 33 6 21.870907 17.573546
2 33 7 8.341191 16.141529
2 33 8 0.353533 18.155431
2 33 9 34.363069 10.607593
