3 0 0 1.060631 3.930000
3 0 1 38.337773 3.930000
3 0 2 41.667024 3.930000
3 0 3 19.023874 3.930000
3 0 4 1.000000 7.800000
3 0 5 5.202194 7.800000
3 0 6 0.862034 7.800000
3 0 7 0.301543 7.800000
3 0 8 1.000000 7.800000
3 0 9 4.728183 7.800000
3 0 10 1.000000 7.800000
3 0 11 0.287555 7.800000
3 1 0 6.886601 3.930000
3 1 1 30.377501 3.930000
3 1 2 18.470976 3.930000
3 1 3 56.334022 3.930000
3 1 4 4.514782 7.800000
3 1 5 1.783093 7.800000
3 1 6 5.723209 7.800000
3 1 7 3.269662 7.800000
3 1 8 1.648316 7.800000
3 1 9 0.805011 7.800000
3 1 10 1.363484 7.800000
3 1 11 1.323783 7.800000
3 2 0 55.966303 3.930000
3 2 1 22.941532 3.930000
3 2 2 6.696357 3.930000
3 2 3 13.332228 3.930000
3 2 4 17.988099 7.800000
3 2 5 2.330598 7.800000
3 2 6 0.684645 7.800000
3 2 7 1.055441 7.800000
3 2 8 2.406195 7.800000
3 2 9 2.121676 7.800000
3 2 10 2.543586 7.800000
3 2 11 0.522813 7.800000
3 3 0 47.652202 3.930000
3 3 1 30.565310 3.930000
3 3 2 42.517860 3.930000
3 3 3 7.020124 3.930000
3 3 4 9.332898 7.800000
3 3 5 1.199231 7.800000
3 3 6 1.037269 7.800000
3 3 7 1.010967 7.800000
3 3 8 1.028139 7.800000
3 3 9 1.458037 7.800000
3 3 10 0.516850 7.800000
3 3 11 1.000000 7.800000
3 4 0 5.869594 3.930000
3 4 1 24.734990 3.930000
3 4 2 51.663488 3.930000
3 4 3 1.484603 3.930000
3 4 4 1.000000 7.800000
3 4 5 9.602176 7.800000
3 4 6 5.577464 7.800000
3 4 7 1.508047 7.800000
3 4 8 1.000000 7.800000
3 4 9 2.397390 7.800000
3 4 10 0.886370 7.800000
3 4 11 0.520268 7.800000
3 5 0 10.282609 3.930000
3 5 1 140.519054 3.930000
3 5 2 4.578541 3.930000
3 5 3 1.000000 3.930000
3 5 4 8.618472 7.800000
3 5 5 2.092514 7.800000
3 5 6 0.558827 7.800000
3 5 7 7.757833 7.800000
3 5 8 2.832875 7.800000
3 5 9 1.641431 7.800000
3 5 10 0.713078 7.800000
3 5 11 5.146951 7.800000
3 6 0 1.000000 3.930000
3 6 1 31.177364 3.930000
3 6 2 2.980885 3.930000
3 6 3 37.132597 3.930000
3 6 4 30.997450 7.800000
3 6 5 20.239166 7.800000
3 6 6 2.201160 7.800000
3 6 7 4.436199 7.800000
3 6 8 1.629310 7.800000
3 6 9 4.662267 7.800000
3 6 10 3.737245 7.800000
3 6 11 6.048387 7.800000
3 7 5 0.423039 7.800000
3 7 6 0.659984 7.800000
3 7 7 18.254231 7.800000
3 7 8 1.496032 7.800000
3 7 9 4.815674 7.800000
3 7 10 1.140086 7.800000
3 7 11 1.879542 7.800000
3 8 5 4.289758 3.930000
3 8 6 1.919604 3.930000
3 8 7 3.380341 3.930000
3 8 8 1.000000 3.930000
3 8 9 7.670056 3.930000
3 8 10 4.205433 3.930000
3 8 11 15.850915 3.930000
3 9 5 3.757053 3.930000
3 9 6 1.896191 3.930000
3 9 7 2.302910 3.930000
3 9 8 9.454243 3.930000
3 9 9 48.556067 3.930000
3 9 10 2.041433 3.930000
3 9 11 4.731657 3.930000
3 10 5 11.184975 3.930000
3 10 6 9.963887 3.930000
3 10 7 2.906393 3.930000
3 10 8 16.328821 3.930000
3 10 9 19.230042 3.930000
3 10 10 37.632039 3.930000
3 10 11 8.752271 3.930000
3 11 5 2.872766 3.930000
3 11 6 0.988747 3.930000
3 11 7 2.544112 3.930000
3 11 8 8.182031 3.930000
3 11 9 47.516572 3.930000
3 11 10 10.299683 3.930000
3 11 11 17.970003 3.930000
3 12 5 2.588900 3.930000
3 12 6 4.554827 3.930000
3 12 7 3.025924 3.930000
3 12 8 9.769798 3.930000
3 12 9 1.000000 3.930000
3 12 10 20.562030 3.930000
3 12 11 10.196663 3.930000
3 13 5 24.372167 3.930000
3 13 6 13.358722 3.930000
3 13 7 1.000000 3.930000
3 13 8 7.892566 3.930000
3 13 9 24.697528 3.930000
3 13 10 52.975924 3.930000
3 13 11 51.589077 3.930000
3 14 5 1.566661 3.930000
3 14 6 1.000000 3.930000
3 14 7 1.000000 3.930000
3 14 8 16.161804 3.930000
3 14 9 9.529180 3.930000
3 14 10 2.177179 3.930000
3 14 11 10.845429 3.930000
3 15 5 11.866854 3.930000
3 15 6 5.397396 3.930000
3 15 7 26.372154 3.930000
3 15 8 31.614931 3.930000
3 15 9 68.207251 3.930000
3 15 10 1.001954 3.930000
3 15 11 31.204556 3.930000
3 16 5 1.000000 7.800000
3 16 6 1.000000 7.800000
3 16 7 0.460297 7.800000
3 16 8 15.414077 7.800000
3 16 9 4.517169 7.800000
3 16 10 1.000000 7.800000
3 16 11 1.016733 7.800000
3 17 0 2.019655 3.930000
3 17 1 1.000000 3.930000
3 17 2 1.000000 3.930000
3 17 3 1.000000 3.930000
3 17 4 1.000000 7.800000
3 17 5 1.000000 7.800000
3 17 6 2.233335 7.800000
3 17 7 1.000000 7.800000
3 17 8 11.891075 7.800000
3 17 9 12.612339 7.800000
3 17 10 1.000000 7.800000
3 17 11 8.204047 7.800000
3 18 0 1.989993 3.930000
3 18 1 1.000000 3.930000
3 18 2 1.000000 3.930000
3 18 3 1.000000 3.930000
3 18 4 1.000000 7.800000
3 18 5 1.000000 7.800000
3 18 6 0.201134 7.800000
3 18 7 2.097311 7.800000
3 18 8 1.783187 7.800000
3 18 9 3.383316 7.800000
3 18 10 0.300841 7.800000
3 18 11 4.967689 7.800000
3 19 0 11.298814 3.930000
3 19 1 2.736398 3.930000
3 19 2 23.790843 3.930000
3 19 3 1.000000 3.930000
3 19 4 2.307108 7.800000
3 19 5 3.895334 7.800000
3 19 6 3.519518 7.800000
3 19 7 6.372544 7.800000
3 19 8 1.567117 7.800000
3 19 9 4.342073 7.800000
3 19 10 1.399408 7.800000
3 19 11 4.877863 7.800000
3 20 0 2.524023 3.930000
3 20 1 2.926951 3.930000
3 20 2 1.000000 3.930000
3 20 3 1.000000 3.930000
3 20 4 0.994453 7.800000
3 20 5 1.000000 7.800000
3 20 6 6.562267 7.800000
3 20 7 1.197148 7.800000
3 20 8 1.053008 7.800000
3 20 9 1.072550 7.800000
3 20 10 2.710600 7.800000
3 20 11 4.248799 7.800000
3 21 0 2.442351 3.930000
3 21 1 1.609237 3.930000
3 21 2 24.712222 3.930000
3 21 3 1.000000 3.930000
3 21 4 4.270513 7.800000
3 21 5 2.248819 7.800000
3 21 6 1.833373 7.800000
3 21 7 1.166384 7.800000
3 21 8 2.540858 7.800000
3 21 9 1.000000 7.800000
3 21 10 1.000000 7.800000
3 21 11 6.056312 7.800000
3 22 0 1.312236 3.930000
3 22 1 4.286757 3.930000
3 22 2 1.000000 3.930000
3 22 3 2.245107 3.930000
3 22 4 6.446586 7.800000
3 22 5 6.161797 7.800000
3 22 6 1.004570 7.800000
3 22 7 4.040802 7.800000
3 22 8 2.055895 7.800000
3 22 9 0.867461 7.800000
3 22 10 1.000000 7.800000
3 22 11 5.345713 7.800000
3 23 0 23.515319 3.930000
3 23 1 12.907133 3.930000
3 23 2 58.427398 3.930000
3 23 3 25.866874 3.930000
3 23 4 8.906199 7.800000
3 23 5 2.397335 7.800000
3 23 6 1.574797 7.800000
3 23 7 1.814523 7.800000
3 23 8 3.701060 7.800000
3 23 9 0.775666 7.800000
3 23 10 0.719939 7.800000
3 23 11 2.529010 7.800000
4 0 0 55.896743 3.930000
4 0 1 70.549301 3.930000
4 0 2 92.646741 3.930000
4 0 3 13.902157 3.930000
4 0 4 18.002497 7.800000
4 0 5 4.407842 7.800000
4 0 6 0.933265 7.800000
4 0 7 2.467795 7.800000
4 0 8 1.535952 7.800000
4 0 9 1.804127 7.800000
4 0 10 3.132232 7.800000
4 0 11 1.811428 7.800000
4 1 0 110.846452 3.930000
4 1 1 52.224241 3.930000
4 1 2 3.740396 3.930000
4 1 3 41.641853 3.930000
4 1 4 26.617326 7.800000
4 1 5 17.666196 7.800000
4 1 6 6.715373 7.800000
4 1 7 5.353781 7.800000
4 1 8 5.077570 7.800000
4 1 9 4.317381 7.800000
4 1 10 0.933185 7.800000
4 1 11 3.877414 7.800000
4 2 0 132.889975 3.930000
4 2 1 117.826718 3.930000
4 2 2 45.118406 3.930000
4 2 3 37.372065 3.930000
4 2 4 4.830510 7.800000
4 2 5 17.349045 7.800000
4 2 6 10.174409 7.800000
4 2 7 2.396128 7.800000
4 2 8 1.290886 7.800000
4 2 9 7.710389 7.800000
4 2 10 1.706458 7.800000
4 2 11 3.773942 7.800000
4 3 0 38.136856 3.930000
4 3 1 70.004006 3.930000
4 3 2 104.862388 3.930000
4 3 3 32.310346 3.930000
4 3 4 11.266409 7.800000
4 3 5 10.651462 7.800000
4 3 6 13.517685 7.800000
4 3 7 13.073864 7.800000
4 3 8 7.818682 7.800000
4 3 9 18.089897 7.800000
4 3 10 6.301310 7.800000
4 3 11 5.804439 7.800000
4 4 0 25.567961 3.930000
4 4 1 85.762733 3.930000
4 4 2 15.306088 3.930000
4 4 3 38.918956 3.930000
4 4 4 20.250319 7.800000
4 4 5 12.679950 7.800000
4 4 6 17.371769 7.800000
4 4 7 10.176358 7.800000
4 4 8 7.323142 7.800000
4 4 9 1.000000 7.800000
4 4 10 3.373421 7.800000
4 4 11 9.051373 7.800000
4 5 0 5.319318 3.930000
4 5 1 18.316148 3.930000
4 5 2 303.164604 3.930000
4 5 3 187.205194 3.930000
4 5 4 138.492348 7.800000
4 5 5 19.276992 7.800000
4 5 6 19.964225 7.800000
4 5 7 5.502601 7.800000
4 5 8 17.883066 7.800000
4 5 9 8.747325 7.800000
4 5 10 7.970854 7.800000
4 5 11 0.166678 7.800000
4 6 0 10.636469 3.930000
4 6 1 34.517218 3.930000
4 6 2 43.224691 3.930000
4 6 3 269.932991 3.930000
4 6 4 12.249817 7.800000
4 6 5 65.777628 7.800000
4 6 6 2.491807 7.800000
4 6 7 1.000000 7.800000
4 6 8 8.173520 7.800000
4 6 9 11.143967 7.800000
4 6 10 6.351949 7.800000
4 6 11 3.274749 7.800000
4 7 5 17.353808 7.800000
4 7 6 51.287671 7.800000
4 7 7 4.111475 7.800000
4 7 8 11.444174 7.800000
4 7 9 1.451244 7.800000
4 7 10 7.082432 7.800000
4 7 11 8.276548 7.800000
4 8 5 2.434378 3.930000
4 8 6 12.906741 3.930000
4 8 7 7.446714 3.930000
4 8 8 3.840272 3.930000
4 8 9 32.283781 3.930000
4 8 10 49.867421 3.930000
4 8 11 24.640795 3.930000
4 9 5 17.403840 3.930000
4 9 6 2.893910 3.930000
4 9 7 7.083011 3.930000
4 9 8 36.091524 3.930000
4 9 9 1.000000 3.930000
4 9 10 134.822356 3.930000
4 9 11 20.746851 3.930000
4 10 5 10.622430 3.930000
4 10 6 13.109268 3.930000
4 10 7 34.239971 3.930000
4 10 8 29.610574 3.930000
4 10 9 24.675054 3.930000
4 10 10 49.938178 3.930000
4 10 11 21.174057 3.930000
4 11 5 7.161574 3.930000
4 11 6 34.665235 3.930000
4 11 7 34.742635 3.930000
4 11 8 72.164249 3.930000
4 11 9 13.772953 3.930000
4 11 10 53.766721 3.930000
4 11 11 22.316821 3.930000
4 12 5 1.000000 3.930000
4 12 6 5.908387 3.930000
4 12 7 26.004261 3.930000
4 12 8 17.981295 3.930000
4 12 9 26.568363 3.930000
4 12 10 25.782281 3.930000
4 12 11 32.492665 3.930000
4 13 5 12.434550 3.930000
4 13 6 56.675584 3.930000
4 13 7 5.080534 3.930000
4 13 8 8.227110 3.930000
4 13 9 26.488387 3.930000
4 13 10 39.602832 3.930000
4 13 11 105.919449 3.930000
4 14 5 2.082122 3.930000
4 14 6 4.056557 3.930000
4 14 7 8.710226 3.930000
4 14 8 60.362086 3.930000
4 14 9 19.801364 3.930000
4 14 10 94.738572 3.930000
4 14 11 30.862008 3.930000
4 15 5 11.086986 3.930000
4 15 6 5.082822 3.930000
4 15 7 21.895495 3.930000
4 15 8 5.800989 3.930000
4 15 9 37.963305 3.930000
4 15 10 39.708208 3.930000
4 15 11 58.522623 3.930000
4 16 5 1.000000 7.800000
4 16 6 4.525379 7.800000
4 16 7 11.364878 7.800000
4 16 8 23.952420 7.800000
4 16 9 1.412570 7.800000
4 16 10 7.523499 7.800000
4 16 11 10.701394 7.800000
4 17 0 1.000000 3.930000
4 17 1 2.773653 3.930000
4 17 2 2.126545 3.930000
4 17 3 2.326342 3.930000
4 17 4 0.209205 7.800000
4 17 5 1.883138 7.800000
4 17 6 5.387906 7.800000
4 17 7 7.983425 7.800000
4 17 8 23.419598 7.800000
4 17 9 8.350828 7.800000
4 17 10 12.206607 7.800000
4 17 11 20.077746 7.800000
4 18 0 75.531362 3.930000
4 18 1 1.000000 3.930000
4 18 2 1.000000 3.930000
4 18 3 1.000000 3.930000
4 18 4 0.653092 7.800000
4 18 5 3.437442 7.800000
4 18 6 12.906842 7.800000
4 18 7 14.331760 7.800000
4 18 8 1.000000 7.800000
4 18 9 3.050284 7.800000
4 18 10 3.007252 7.800000
4 18 11 7.744732 7.800000
4 19 0 56.944552 3.930000
4 19 1 14.047896 3.930000
4 19 2 4.029621 3.930000
4 19 3 1.000000 3.930000
4 19 4 3.129385 7.800000
4 19 5 20.384275 7.800000
4 19 6 1.000000 7.800000
4 19 7 11.129575 7.800000
4 19 8 11.168406 7.800000
4 19 9 6.652979 7.800000
4 19 10 7.686273 7.800000
4 19 11 0.549710 7.800000
4 20 0 1.000000 3.930000
4 20 1 2.219357 3.930000
4 20 2 7.494607 3.930000
4 20 3 14.509131 3.930000
4 20 4 0.214605 7.800000
4 20 5 1.074897 7.800000
4 20 6 15.043144 7.800000
4 20 7 5.141180 7.800000
4 20 8 1.440986 7.800000
4 20 9 2.930892 7.800000
4 20 10 3.477968 7.800000
4 20 11 1.000000 7.800000
4 21 0 5.776791 3.930000
4 21 1 21.899059 3.930000
4 21 2 221.286330 3.930000
4 21 3 19.572177 3.930000
4 21 4 7.728437 7.800000
4 21 5 1.000000 7.800000
4 21 6 4.595462 7.800000
4 21 7 5.938460 7.800000
4 21 8 6.617517 7.800000
4 21 9 3.644710 7.800000
4 21 10 4.474846 7.800000
4 21 11 1.520645 7.800000
4 22 0 9.593677 3.930000
4 22 1 10.346865 3.930000
4 22 2 8.556374 3.930000
4 22 3 26.280961 3.930000
4 22 4 16.345273 7.800000
4 22 5 14.379600 7.800000
4 22 6 11.664412 7.800000
4 22 7 9.105614 7.800000
4 22 8 22.818575 7.800000
4 22 9 4.518186 7.800000
4 22 10 5.527166 7.800000
4 22 11 579.247142 7.800000
4 23 0 56.410867 3.930000
4 23 1 82.528279 3.930000
4 23 2 28.641692 3.930000
4 23 3 71.562139 3.930000
4 23 4 33.491081 7.800000
4 23 5 8.955945 7.800000
4 23 6 5.519676 7.800000
4 23 7 8.372458 7.800000
4 23 8 9.024420 7.800000
4 23 9 4.203116 7.800000
4 23 10 6.042428 7.800000
4 23 11 742.753350 7.800000
