(0, 0) 1500 ,(1, 1)
(0, 1) 1500 ,(2, 1)
(0, 2) 1500 ,(1, 2)
(0, 3) 1500 ,(2, 2)
(0, 4) 1500 ,(1, 3)
(0, 5) 1500 ,(2, 3)
(0, 6) 1500 ,(1, 4)
(0, 7) 1500 ,(2, 4)
(0, 8) 1500 ,(1, 5)
(0, 9) 1500 ,(2, 5)
(0, 10) 1500 ,(1, 6)
(0, 11) 1500 ,(2, 6)
(0, 12) 1500 ,(1, 7)
(0, 13) 1500 ,(2, 7)
(0, 14) 1500 ,(1, 8)
(0, 15) 1500 ,(-1, -1)
(1, 0) 1500 ,(2, 8)
(1, 1) 1500 ,(1, 9)
(1, 2) 1500 ,(2, 9)
(1, 3) 1500 ,(1, 10)
(1, 4) 1500 ,(2, 10)
(1, 5) 1500 ,(1, 11)
(1, 6) 1500 ,(2, 11)
(1, 7) 1500 ,(1, 12)
(1, 8) 1500 ,(2, 12)
(1, 9) 1500 ,(1, 13)
(1, 10) 1500 ,(2, 13)
(1, 11) 1500 ,(1, 14)
(1, 12) 1500 ,(2, 14)
(1, 13) 1500 ,(1, 15)
(1, 14) 1500 ,(2, 15)
(1, 15) 1500 ,(-1, -1)
(2, 0) 1500 ,(1, 16)
(2, 1) 1500 ,(2, 16)
(2, 2) 1500 ,(1, 17)
(2, 3) 1500 ,(2, 17)
(2, 4) 1500 ,(1, 18)
(2, 5) 1500 ,(2, 18)
(2, 6) 1500 ,(1, 19)
(2, 7) 1500 ,(2, 19)
(2, 8) 1500 ,(1, 20)
(2, 9) 1500 ,(2, 20)
(2, 10) 1500 ,(1, 21)
(2, 11) 1500 ,(2, 21)
(2, 12) 1500 ,(1, 22)
(2, 13) 1500 ,(2, 22)
(2, 14) 1500 ,(1, 23)
(2, 15) 1500 ,(-1, -1)
(3, 0) 1500 ,(2, 23)
(3, 1) 1500 ,(1, 24)
(3, 2) 1500 ,(2, 24)
(3, 3) 1500 ,(1, 25)
(3, 4) 1500 ,(2, 25)
(3, 5) 1500 ,(1, 26)
(3, 6) 1500 ,(2, 26)
(3, 7) 1500 ,(1, 27)
(3, 8) 1500 ,(2, 27)
(3, 9) 1500 ,(1, 28)
(3, 10) 1500 ,(2, 28)
(3, 11) 1500 ,(1, 29)
(3, 12) 1500 ,(2, 29)
(3, 13) 1500 ,(1, 30)
(3, 14) 1500 ,(2, 30)
(3, 15) 1500 ,(-1, -1)
(4, 0) 1500 ,(1, 31)
(4, 1) 1500 ,(2, 31)
(4, 2) 1500 ,(1, 32)
(4, 3) 1500 ,(2, 32)
(4, 4) 1500 ,(1, 33)
(4, 5) 1500 ,(2, 33)
(4, 6) 1500 ,(1, 34)
(4, 7) 1500 ,(2, 34)
(4, 8) 1500 ,(1, 35)
(4, 9) 1500 ,(2, 35)
(4, 10) 1500 ,(1, 36)
(4, 11) 1500 ,(2, 36)
(4, 12) 1500 ,(1, 37)
(4, 13) 1500 ,(2, 37)
(4, 14) 1500 ,(1, 38)
(4, 15) 1500 ,(-1, -1)
(5, 0) 1500 ,(2, 38)
(5, 1) 1500 ,(1, 39)
(5, 2) 1500 ,(2, 39)
(5, 3) 1500 ,(1, 40)
(5, 4) 1500 ,(2, 40)
(5, 5) 1500 ,(1, 41)
(5, 6) 1500 ,(2, 41)
(5, 7) 1500 ,(1, 42)
(5, 8) 1500 ,(2, 42)
(5, 9) 1500 ,(1, 43)
(5, 10) 1500 ,(2, 43)
(5, 11) 1500 ,(1, 44)
(5, 12) 1500 ,(2, 44)
(5, 13) 1500 ,(1, 45)
(5, 14) 1500 ,(2, 45)
(5, 15) 1500 ,(-1, -1)
(6, 0) 1500 ,(1, 46)
(6, 1) 1500 ,(2, 46)
(6, 2) 1500 ,(1, 47)
(6, 3) 1500 ,(2, 47)
(6, 4) 1500 ,(1, 48)
(6, 5) 1500 ,(2, 48)
(6, 6) 1500 ,(1, 49)
(6, 7) 1500 ,(2, 49)
(6, 8) 1500 ,(1, 50)
(6, 9) 1500 ,(2, 50)
(6, 10) 1500 ,(1, 51)
(6, 11) 1500 ,(2, 51)
(6, 12) 1500 ,(1, 52)
(6, 13) 1500 ,(2, 52)
(6, 14) 1500 ,(1, 53)
(6, 15) 1500 ,(-1, -1)
(7, 0) 1500 ,(2, 53)
(7, 1) 1500 ,(1, 54)
(7, 2) 1500 ,(2, 54)
(7, 3) 1500 ,(1, 55)
(7, 4) 1500 ,(2, 55)
(7, 5) 1500 ,(1, 56)
(7, 6) 1500 ,(2, 56)
(7, 7) 1500 ,(1, 57)
(7, 8) 1500 ,(2, 57)
(7, 9) 1500 ,(1, 58)
(7, 10) 1500 ,(2, 58)
(7, 11) 1500 ,(1, 59)
(7, 12) 1500 ,(2, 59)
(7, 13) 1500 ,(1, 60)
(7, 14) 1500 ,(2, 60)
(7, 15) 1500 ,(-1, -1)
(8, 0) 1500 ,(1, 61)
(8, 1) 1500 ,(2, 61)
(8, 2) 1500 ,(1, 62)
(8, 3) 1500 ,(2, 62)
(8, 4) 1500 ,(1, 63)
(8, 5) 1500 ,(2, 63)
(8, 6) 1500 ,(1, 64)
(8, 7) 1500 ,(2, 64)
(8, 8) 1500 ,(1, 65)
(8, 9) 1500 ,(2, 65)
(8, 10) 1500 ,(1, 66)
(8, 11) 1500 ,(2, 66)
(8, 12) 1500 ,(1, 67)
(8, 13) 1500 ,(2, 67)
(8, 14) 1500 ,(1, 68)
(8, 15) 1500 ,(-1, -1)
(9, 0) 1500 ,(2, 68)
(9, 1) 1500 ,(1, 69)
(9, 2) 1500 ,(2, 69)
(9, 3) 1500 ,(1, 70)
(9, 4) 1500 ,(2, 70)
(9, 5) 1500 ,(1, 71)
(9, 6) 1500 ,(2, 71)
(9, 7) 1500 ,(1, 72)
(9, 8) 1500 ,(2, 72)
(9, 9) 1500 ,(1, 73)
(9, 10) 1500 ,(2, 73)
(9, 11) 1500 ,(1, 74)
(9, 12) 1500 ,(2, 74)
(9, 13) 1500 ,(1, 75)
(9, 14) 1500 ,(2, 75)
(9, 15) 1500 ,(-1, -1)
(10, 0) 1500 ,(1, 76)
(10, 1) 1500 ,(2, 76)
(10, 2) 1500 ,(1, 77)
(10, 3) 1500 ,(2, 77)
(10, 4) 1500 ,(1, 78)
(10, 5) 1500 ,(2, 78)
(10, 6) 1500 ,(1, 79)
(10, 7) 1500 ,(2, 79)
(10, 8) 1500 ,(1, 80)
(10, 9) 1500 ,(2, 80)
(10, 10) 1500 ,(1, 81)
(10, 11) 1500 ,(2, 81)
(10, 12) 1500 ,(1, 82)
(10, 13) 1500 ,(2, 82)
(10, 14) 1500 ,(1, 83)
(10, 15) 1500 ,(-1, -1)
(11, 0) 1500 ,(2, 83)
(11, 1) 1500 ,(1, 84)
(11, 2) 1500 ,(2, 84)
(11, 3) 1500 ,(1, 85)
(11, 4) 1500 ,(2, 85)
(11, 5) 1500 ,(1, 86)
(11, 6) 1500 ,(2, 86)
(11, 7) 1500 ,(1, 87)
(11, 8) 1500 ,(2, 87)
(11, 9) 1500 ,(1, 88)
(11, 10) 1500 ,(2, 88)
(11, 11) 1500 ,(1, 89)
(11, 12) 1500 ,(2, 89)
(11, 13) 1500 ,(1, 90)
(11, 14) 1500 ,(2, 90)
(11, 15) 1500 ,(-1, -1)
(12, 0) 1500 ,(1, 91)
(12, 1) 1500 ,(2, 91)
(12, 2) 1500 ,(1, 92)
(12, 3) 1500 ,(2, 92)
(12, 4) 1500 ,(1, 93)
(12, 5) 1500 ,(2, 93)
(12, 6) 1500 ,(1, 94)
(12, 7) 1500 ,(2, 94)
(12, 8) 1500 ,(1, 95)
(12, 9) 1500 ,(2, 95)
(12, 10) 1500 ,(1, 96)
(12, 11) 1500 ,(2, 96)
(12, 12) 1500 ,(1, 97)
(12, 13) 1500 ,(2, 97)
(12, 14) 1500 ,(1, 98)
(12, 15) 1500 ,(-1, -1)
(13, 0) 1500 ,(2, 98)
(13, 1) 1500 ,(1, 99)
(13, 2) 1500 ,(2, 99)
(13, 3) 1500 ,(1, 100)
(13, 4) 1500 ,(2, 100)
(13, 5) 1500 ,(1, 101)
(13, 6) 1500 ,(2, 101)
(13, 7) 1500 ,(1, 102)
(13, 8) 1500 ,(2, 102)
(13, 9) 1500 ,(1, 103)
(13, 10) 1500 ,(2, 103)
(13, 11) 1500 ,(1, 104)
(13, 12) 1500 ,(2, 104)
(13, 13) 1500 ,(1, 105)
(13, 14) 1500 ,(2, 105)
(13, 15) 1500 ,(-1, -1)
(14, 0) 1500 ,(1, 106)
(14, 1) 1500 ,(2, 106)
(14, 2) 1500 ,(1, 107)
(14, 3) 1500 ,(2, 107)
(14, 4) 1500 ,(1, 108)
(14, 5) 1500 ,(2, 108)
(14, 6) 1500 ,(1, 109)
(14, 7) 1500 ,(2, 109)
(14, 8) 1500 ,(1, 110)
(14, 9) 1500 ,(2, 110)
(14, 10) 1500 ,(1, 111)
(14, 11) 1500 ,(2, 111)
(14, 12) 1500 ,(1, 112)
(14, 13) 1500 ,(2, 112)
(14, 14) 1500 ,(1, 113)
(14, 15) 1500 ,(-1, -1)
(15, 0) 1500 ,(2, 113)
(15, 1) 1500 ,(1, 114)
(15, 2) 1500 ,(2, 114)
(15, 3) 1500 ,(1, 115)
(15, 4) 1500 ,(2, 115)
(15, 5) 1500 ,(1, 116)
(15, 6) 1500 ,(2, 116)
(15, 7) 1500 ,(1, 117)
(15, 8) 1500 ,(2, 117)
(15, 9) 1500 ,(1, 118)
(15, 10) 1500 ,(2, 118)
(15, 11) 1500 ,(1, 119)
(15, 12) 1500 ,(2, 119)
(15, 13) 1500 ,(1, 120)
(15, 14) 1500 ,(2, 120)
(15, 15) 1500 ,(-1, -1)
