3 1 0 0 50 0.33200
3 2 0 1 AA 0.77200
3 3 0 2 6E 0.42800
3 4 0 3 A7 0.74800
3 5 0 4 CF 1.47100
3 6 0 5 C5 1.14000
3 7 0 6 FB 5.12600
3 8 0 7 FA 5.00000
3 9 0 8 FF 20.00000
3 10 0 9 F6 4.31300
3 11 0 10 FF 11.52200
3 12 0 11 FF 11.40800
3 13 1 0 9A 0.65200
3 14 1 1 0 0.16500
3 15 1 2 72 0.44600
3 16 1 3 74 0.45100
3 17 1 4 AF 0.67400
3 18 1 5 D4 1.66200
3 19 1 6 E0 2.26000
3 20 1 7 FD 5.51100
3 21 1 8 F8 4.73600
3 22 1 9 FF 13.28000
3 23 1 10 FF 8.32500
3 24 1 11 FF 10.93200
3 25 2 0 0 0.12600
3 26 2 1 11 0.21100
3 27 2 2 9B 0.65700
3 28 2 3 C9 1.12100
3 29 2 4 8E 0.33700
3 30 2 5 C6 1.17100
3 31 2 6 EB 3.12000
3 32 2 7 E7 2.80000
3 33 2 8 FE 5.62400
3 34 2 9 DF 2.23000
3 35 2 10 FE 5.68400
3 36 2 11 FD 5.53600
3 37 3 0 0 0.13300
3 38 3 1 4 0.19400
3 39 3 2 8D 0.57500
3 40 3 3 A5 0.73500
3 41 3 4 A6 0.55000
3 42 3 5 BE 0.94400
3 43 3 6 B8 0.83200
3 44 3 7 FA 5.00000
3 45 3 8 C2 1.04800
3 46 3 9 EC 3.22700
3 47 3 10 FC 5.36100
3 48 3 11 FF 6.92600
3 49 4 0 0 0.15900
3 50 4 1 0 0.18100
3 51 4 2 0 0.11000
3 52 4 3 79 0.47200
3 53 4 4 CA 1.29000
3 54 4 5 8D 0.33200
3 55 4 6 B3 0.73900
3 56 4 7 F6 4.38900
3 57 4 8 D0 1.47700
3 58 4 9 F1 3.70700
3 59 4 10 FF 9.30300
3 60 4 11 FF 15.03300
3 61 5 0 10 0.20900
3 62 5 1 0 0.05600
3 63 5 2 15 0.21700
3 64 5 3 FF 5.00000
3 65 5 4 83 0.27400
3 66 5 5 6A 0.17300
3 67 5 6 91 0.35700
3 68 5 7 72 0.20000
3 69 5 8 AC 0.62800
3 70 5 9 EA 3.06800
3 71 5 10 FF 20.00000
3 72 5 11 E5 2.62000
3 73 6 0 0 0.08800
3 74 6 1 0 0.09300
3 75 6 2 32 0.26600
3 76 6 3 25 0.24100
3 77 6 4 1F 0.05500
3 78 6 5 5D 0.13900
3 79 6 6 89 0.30600
3 80 6 7 BF 0.98800
3 81 6 8 C3 1.08600
3 82 6 9 A8 0.58000
3 83 6 10 B7 0.81600
3 84 6 11 BA 0.87700
3 90 7 5 AD 0.64100
3 91 7 6 78 0.22100
3 92 7 7 6C 0.18100
3 93 7 8 C7 1.17600
3 94 7 9 B6 0.79100
3 95 7 10 EA 3.04300
3 96 7 11 E4 2.56600
3 102 8 5 61 0.38200
3 103 8 6 E8 1.69100
3 104 8 7 DE 1.48400
3 105 8 8 7C 0.48500
3 106 8 9 82 0.51500
3 107 8 10 FF 3.74900
3 108 8 11 B6 0.89000
3 114 9 5 7A 0.47900
3 115 9 6 A3 0.71900
3 116 9 7 E6 1.64600
3 117 9 8 96 0.62500
3 118 9 9 7E 0.49800
3 119 9 10 CE 1.18400
3 120 9 11 E3 1.59100
3 126 10 5 0 0.10800
3 127 10 6 11 0.21100
3 128 10 7 F4 2.04800
3 129 10 8 31 0.26400
3 130 10 9 A4 0.72600
3 131 10 10 5 0.19500
3 132 10 11 FF 4.92800
3 138 11 5 74 0.45200
3 139 11 6 90 0.59100
3 140 11 7 B7 0.89900
3 141 11 8 BB 0.94500
3 142 11 9 36 0.27300
3 143 11 10 B3 0.85600
3 144 11 11 B1 0.84200
3 150 12 5 AC 0.79100
3 151 12 6 EC 1.81400
3 152 12 7 78 0.46700
3 153 12 8 9D 0.67100
3 154 12 9 0 5.00000
3 155 12 10 99 0.64800
3 156 12 11 AC 0.79400
3 162 13 5 0 0.17800
3 163 13 6 5E 0.37400
3 164 13 7 D8 1.36300
3 165 13 8 B8 0.90800
3 166 13 9 8E 0.57800
3 167 13 10 3 0.19200
3 168 13 11 72 0.44500
3 174 14 5 7B 0.48000
3 175 14 6 DC 1.43000
3 176 14 7 FF 20.00000
3 177 14 8 7E 0.49400
3 178 14 9 C4 1.04700
3 179 14 10 A6 0.74000
3 180 14 11 BC 0.95000
3 186 15 5 2 0.19100
3 187 15 6 E3 1.58700
3 188 15 7 4E 0.32900
3 189 15 8 79 0.47200
3 190 15 9 31 0.26300
3 191 15 10 FF 6.46500
3 192 15 11 7B 0.48400
3 198 16 5 FA 5.00000
3 199 16 6 FA 5.00000
3 200 16 7 FF 6.60800
3 201 16 8 BE 0.96400
3 202 16 9 D8 1.84200
3 203 16 10 0 5.00000
3 204 16 11 FF 6.61800
3 205 17 0 FF 15.71900
3 206 17 1 FF 5.00000
3 207 17 2 FF 5.00000
3 208 17 3 FF 5.00000
3 209 17 4 FA 5.00000
3 210 17 5 FA 5.00000
3 211 17 6 D4 1.64200
3 212 17 7 0 5.00000
3 213 17 8 A8 0.57700
3 214 17 9 AE 0.66200
3 215 17 10 0 5.00000
3 216 17 11 B0 0.69500
3 217 18 0 FF 10.57100
3 218 18 1 FF 20.00000
3 219 18 2 F1 1.94300
3 220 18 3 FF 5.00000
3 221 18 4 FA 5.00000
3 222 18 5 FA 5.00000
3 223 18 6 E2 2.40200
3 224 18 7 96 0.39200
3 225 18 8 BC 0.90800
3 226 18 9 FF 12.54300
3 227 18 10 EF 3.50000
3 228 18 11 EA 3.06100
3 229 19 0 FF 10.65700
3 230 19 1 FF 4.46800
3 231 19 2 C1 1.00800
3 232 19 3 FF 5.00000
3 233 19 4 DA 1.95600
3 234 19 5 BA 0.86400
3 235 19 6 B1 0.70100
3 236 19 7 BB 0.88100
3 237 19 8 E0 2.25900
3 238 19 9 FF 6.51500
3 239 19 10 FA 5.00000
3 240 19 11 FF 8.82300
3 241 20 0 FF 9.05000
3 242 20 1 FF 6.18600
3 243 20 2 BF 0.99100
3 244 20 3 FF 7.24500
3 245 20 4 DB 1.98400
3 246 20 5 FF 14.04500
3 247 20 6 AD 0.64300
3 248 20 7 D0 1.48100
3 249 20 8 FA 5.04600
3 250 20 9 EA 3.01800
3 251 20 10 FE 5.71500
3 252 20 11 A4 0.53100
3 253 21 0 FF 8.00000
3 254 21 1 FF 4.00000
3 255 21 2 B9 0.92000
3 256 21 3 FF 4.75300
3 257 21 4 BA 0.86400
3 258 21 5 D8 1.82200
3 259 21 6 FE 5.62100
3 260 21 7 FF 8.65900
3 261 21 8 FF 6.11800
3 262 21 9 FA 5.00000
3 263 21 10 FA 5.00000
3 264 21 11 FC 5.21600
3 265 22 0 FF 19.20800
3 266 22 1 FF 14.23200
3 267 22 2 88 0.54700
3 268 22 3 A0 0.69400
3 269 22 4 AE 0.66000
3 270 22 5 C0 1.00700
3 271 22 6 F5 4.19700
3 272 22 7 FF 7.52600
3 273 22 8 FF 13.88200
3 274 22 9 FF 9.89900
3 275 22 10 FF 19.71400
3 276 22 11 EC 3.26700
3 277 23 0 CB 1.14500
3 278 23 1 F3 1.99600
3 279 23 2 C4 1.04900
3 280 23 3 D1 1.24500
3 281 23 4 A9 0.58700
3 282 23 5 D2 1.55300
3 283 23 6 FF 8.92700
3 284 23 7 EF 3.48900
3 285 23 8 FF 8.27700
3 286 23 9 FF 15.14600
3 287 23 10 FF 9.23100
3 288 23 11 AB 0.62200
4 1 0 0 8B 0.56300
4 2 0 1 65 0.39600
4 3 0 2 7B 0.48400
4 4 0 3 CE 1.18700
4 5 0 4 BA 0.86400
4 6 0 5 E9 2.95700
4 7 0 6 FF 20.00000
4 8 0 7 FF 7.22300
4 9 0 8 FF 20.00000
4 10 0 9 FF 20.00000
4 11 0 10 FF 18.26600
4 12 0 11 EE 3.43600
4 13 1 0 3D 0.28700
4 14 1 1 7E 0.49600
4 15 1 2 FF 5.00000
4 16 1 3 57 0.35400
4 17 1 4 B0 0.68500
4 18 1 5 BB 0.89200
4 19 1 6 E5 2.64600
4 20 1 7 E3 2.46600
4 21 1 8 F8 4.67600
4 22 1 9 FF 9.82400
4 23 1 10 FA 4.98600
4 24 1 11 FF 7.78500
4 25 2 0 0 0.09800
4 26 2 1 5F 0.37800
4 27 2 2 6A 0.41500
4 28 2 3 CE 1.19800
4 29 2 4 EE 3.40200
4 30 2 5 CB 1.32200
4 31 2 6 BE 0.95900
4 32 2 7 FF 18.08800
4 33 2 8 EF 3.50600
4 34 2 9 F7 4.55300
4 35 2 10 FF 14.07000
4 36 2 11 FF 7.27100
4 37 3 0 4B 0.32000
4 38 3 1 6E 0.42800
4 39 3 2 76 0.46000
4 40 3 3 C0 1.00600
4 41 3 4 C5 1.12300
4 42 3 5 DC 2.06100
4 43 3 6 D2 1.58100
4 44 3 7 C8 1.22500
4 45 3 8 DB 2.00100
4 46 3 9 CD 1.39500
4 47 3 10 FF 6.36400
4 48 3 11 FD 5.49400
4 49 4 0 53 0.34100
4 50 4 1 15 0.21700
4 51 4 2 EE 1.85800
4 52 4 3 B0 0.83100
4 53 4 4 A2 0.50800
4 54 4 5 CC 1.33500
4 55 4 6 B8 0.83700
4 56 4 7 D9 1.86700
4 57 4 8 BA 0.87200
4 58 4 9 FA 5.00000
4 59 4 10 FF 14.32600
4 60 4 11 F7 4.54300
4 61 5 0 16 0.21800
4 62 5 1 B8 0.90500
4 63 5 2 0 0.09000
4 64 5 3 35 0.27000
4 65 5 4 83 0.27200
4 66 5 5 D3 1.62600
4 67 5 6 C5 1.12700
4 68 5 7 EB 3.12900
4 69 5 8 CA 1.27800
4 70 5 9 F2 3.83900
4 71 5 10 F6 4.35700
4 72 5 11 FF 15.89100
4 73 6 0 2 0.19100
4 74 6 1 0 0.17300
4 75 6 2 23 0.23900
4 76 6 3 0 0.11900
4 77 6 4 A1 0.49800
4 78 6 5 98 0.41300
4 79 6 6 E6 2.69800
4 80 6 7 FA 5.00000
4 81 6 8 ED 3.38000
4 82 6 9 E3 2.46900
4 83 6 10 DA 1.96500
4 84 6 11 FD 5.55200
4 90 7 5 C9 1.24900
4 91 7 6 9D 0.45700
4 92 7 7 F2 3.89500
4 93 7 8 D8 1.82700
4 94 7 9 EA 3.04800
4 95 7 10 F9 4.82500
4 96 7 11 FF 6.53800
4 102 8 5 FF 11.39000
4 103 8 6 F4 2.03500
4 104 8 7 FF 10.00500
4 105 8 8 DE 1.47500
4 106 8 9 8F 0.58500
4 107 8 10 A3 0.72000
4 108 8 11 FF 4.50500
4 114 9 5 6C 0.42000
4 115 9 6 FF 19.90500
4 116 9 7 FF 4.48900
4 117 9 8 F9 2.20100
4 118 9 9 FF 5.00000
4 119 9 10 51 0.33600
4 120 9 11 F5 2.06800
4 126 10 5 8C 0.56900
4 127 10 6 60 0.38000
4 128 10 7 C4 1.04500
4 129 10 8 AB 0.78600
4 130 10 9 C2 1.02400
4 131 10 10 80 0.50300
4 132 10 11 FF 2.41700
4 138 11 5 CD 1.17900
4 139 11 6 83 0.51900
4 140 11 7 65 0.39600
4 141 11 8 C1 1.01400
4 142 11 9 FF 3.64700
4 143 11 10 D7 1.34900
4 144 11 11 D2 1.26300
4 150 12 5 FF 9.57900
4 151 12 6 FF 2.51500
4 152 12 7 DC 1.43700
4 153 12 8 FF 2.60400
4 154 12 9 DA 1.39800
4 155 12 10 D8 1.36400
4 156 12 11 F2 1.99300
4 162 13 5 79 0.47500
4 163 13 6 4D 0.32500
4 164 13 7 FF 5.28200
4 165 13 8 FF 6.39700
4 166 13 9 FF 3.69700
4 167 13 10 D3 1.27100
4 168 13 11 A8 0.75700
4 174 14 5 FF 2.69100
4 175 14 6 FF 12.36000
4 176 14 7 FF 4.36000
4 177 14 8 B5 0.87800
4 178 14 9 FF 3.83400
4 179 14 10 A9 0.76500
4 180 14 11 FF 2.92200
4 186 15 5 C4 1.04700
4 187 15 6 FF 3.81900
4 188 15 7 FF 3.21700
4 189 15 8 CA 1.13900
4 190 15 9 BD 0.96100
4 191 15 10 F6 2.08900
4 192 15 11 AB 0.78800
4 198 16 5 FA 5.00000
4 199 16 6 E2 2.39800
4 200 16 7 DD 2.12700
4 201 16 8 B3 0.74400
4 202 16 9 FF 5.87700
4 203 16 10 E7 2.79500
4 204 16 11 B2 0.71600
4 205 17 0 FF 5.00000
4 206 17 1 FF 3.96300
4 207 17 2 FF 6.72300
4 208 17 3 FF 10.25300
4 209 17 4 FA 5.00000
4 210 17 5 FF 7.17300
4 211 17 6 D7 1.80900
4 212 17 7 E8 2.84100
4 213 17 8 A0 0.48600
4 214 17 9 D9 1.87000
4 215 17 10 C3 1.06700
4 216 17 11 CE 1.43100
4 217 18 0 1C 0.22700
4 218 18 1 FF 9.20200
4 219 18 2 FF 20.00000
4 220 18 3 FF 20.00000
4 221 18 4 FA 5.00000
4 222 18 5 CD 1.38400
4 223 18 6 C0 0.99400
4 224 18 7 BD 0.92300
4 225 18 8 0 5.00000
4 226 18 9 FF 15.61800
4 227 18 10 FA 5.00000
4 228 18 11 FF 6.65900
4 229 19 0 77 0.46600
4 230 19 1 C8 1.10700
4 231 19 2 FF 4.20800
4 232 19 3 FF 5.00000
4 233 19 4 C3 1.07200
4 234 19 5 A8 0.57600
4 235 19 6 0 5.00000
4 236 19 7 AF 0.66700
4 237 19 8 C0 0.98900
4 238 19 9 F6 4.35500
4 239 19 10 FA 5.00000
4 240 19 11 FF 11.41900
4 241 20 0 FF 5.00000
4 242 20 1 FF 6.77600
4 243 20 2 F8 2.18900
4 244 20 3 FF 3.02800
4 245 20 4 FA 5.00000
4 246 20 5 FF 8.09700
4 247 20 6 B2 0.72900
4 248 20 7 EF 3.53700
4 249 20 8 FF 19.33600
4 250 20 9 FF 8.39300
4 251 20 10 FF 16.35300
4 252 20 11 FF 16.35000
4 253 21 0 FF 5.44300
4 254 21 1 D4 1.29200
4 255 21 2 43 0.30100
4 256 21 3 FF 2.95000
4 257 21 4 BB 0.88900
4 258 21 5 0 5.00000
4 259 21 6 FF 20.00000
4 260 21 7 FF 9.67500
4 261 21 8 FF 13.05700
4 262 21 9 FA 5.00000
4 263 21 10 FF 8.27900
4 264 21 11 FF 20.00000
4 265 22 0 FF 2.71300
4 266 22 1 FF 2.54400
4 267 22 2 FF 14.81400
4 268 22 3 C6 1.07900
4 269 22 4 C4 1.09500
4 270 22 5 9F 0.47900
4 271 22 6 EC 3.19700
4 272 22 7 F4 4.08600
4 273 22 8 E5 2.65100
4 274 22 9 FF 8.52300
4 275 22 10 FF 9.04400
4 276 22 11 C6 1.15200
4 277 23 0 95 0.62200
4 278 23 1 72 0.44400
4 279 23 2 BF 0.98900
4 280 23 3 5A 0.36100
4 281 23 4 98 0.41000
4 282 23 5 F4 4.13000
4 283 23 6 F2 3.87900
4 284 23 7 F0 3.62900
4 285 23 8 E7 2.78500
4 286 23 9 FF 19.26400
4 287 23 10 FF 7.19100
4 288 23 11 4E 0.10900
